unit: cm^{-1}, only max(dg)>1.000e-04 are saved; dg/dQ_alpha * Q_alpha 
mode:    6 freq=   12.9000 
  0.0000000e+00   0.0000000e+00   0.0000000e+00 
  0.0000000e+00   0.0000000e+00   0.0000000e+00 
  0.0000000e+00   0.0000000e+00   0.0000000e+00 
mode:    7 freq=   20.8400 
  0.0000000e+00   0.0000000e+00   0.0000000e+00 
  0.0000000e+00   0.0000000e+00   0.0000000e+00 
  0.0000000e+00   0.0000000e+00   0.0000000e+00 
mode:    8 freq=   27.3700 
  0.0000000e+00   0.0000000e+00   0.0000000e+00 
  0.0000000e+00   0.0000000e+00   0.0000000e+00 
  0.0000000e+00   0.0000000e+00   0.0000000e+00 
mode:    9 freq=   35.1300 
  0.0000000e+00   0.0000000e+00   0.0000000e+00 
  0.0000000e+00   0.0000000e+00   0.0000000e+00 
  0.0000000e+00   0.0000000e+00   0.0000000e+00 
mode:   10 freq=   38.3400 
  0.0000000e+00   0.0000000e+00   0.0000000e+00 
  0.0000000e+00   0.0000000e+00   0.0000000e+00 
  0.0000000e+00   0.0000000e+00   0.0000000e+00 
mode:   11 freq=   43.3700 
  0.0000000e+00   0.0000000e+00   0.0000000e+00 
  0.0000000e+00   0.0000000e+00   0.0000000e+00 
  0.0000000e+00   0.0000000e+00   0.0000000e+00 
mode:   12 freq=   45.4600 
  0.0000000e+00   0.0000000e+00   0.0000000e+00 
  0.0000000e+00   0.0000000e+00   0.0000000e+00 
  0.0000000e+00   0.0000000e+00   0.0000000e+00 
mode:   13 freq=   48.8500 
  0.0000000e+00   0.0000000e+00   0.0000000e+00 
  0.0000000e+00   0.0000000e+00   0.0000000e+00 
  0.0000000e+00   0.0000000e+00   0.0000000e+00 
mode:   14 freq=   55.0900 
  0.0000000e+00   0.0000000e+00   0.0000000e+00 
  0.0000000e+00   0.0000000e+00   0.0000000e+00 
  0.0000000e+00   0.0000000e+00   0.0000000e+00 
mode:   15 freq=   62.4100 
  0.0000000e+00   0.0000000e+00   0.0000000e+00 
  0.0000000e+00   0.0000000e+00   0.0000000e+00 
  0.0000000e+00   0.0000000e+00   0.0000000e+00 
mode:   16 freq=   66.0600 
  0.0000000e+00   0.0000000e+00   0.0000000e+00 
  0.0000000e+00   0.0000000e+00   0.0000000e+00 
  0.0000000e+00   0.0000000e+00   0.0000000e+00 
mode:   17 freq=   69.6900 
  0.0000000e+00   0.0000000e+00   0.0000000e+00 
  0.0000000e+00   0.0000000e+00   0.0000000e+00 
  0.0000000e+00   0.0000000e+00   0.0000000e+00 
mode:   18 freq=   75.3700 
  0.0000000e+00   0.0000000e+00   0.0000000e+00 
  0.0000000e+00   0.0000000e+00   0.0000000e+00 
  0.0000000e+00   0.0000000e+00   0.0000000e+00 
mode:   19 freq=   85.0800 
  0.0000000e+00   0.0000000e+00   0.0000000e+00 
  0.0000000e+00   0.0000000e+00   0.0000000e+00 
  0.0000000e+00   0.0000000e+00   0.0000000e+00 
mode:   20 freq=   94.8600 
  0.0000000e+00   0.0000000e+00   0.0000000e+00 
  0.0000000e+00   0.0000000e+00   0.0000000e+00 
  0.0000000e+00   0.0000000e+00   0.0000000e+00 
mode:   21 freq=   98.8200 
  0.0000000e+00   0.0000000e+00   0.0000000e+00 
  0.0000000e+00   0.0000000e+00   0.0000000e+00 
  0.0000000e+00   0.0000000e+00   0.0000000e+00 
mode:   22 freq=  103.9100 
  0.0000000e+00   0.0000000e+00   0.0000000e+00 
  0.0000000e+00   0.0000000e+00   0.0000000e+00 
  0.0000000e+00   0.0000000e+00   0.0000000e+00 
mode:   23 freq=  107.0900 
  0.0000000e+00   0.0000000e+00   0.0000000e+00 
  0.0000000e+00   0.0000000e+00   0.0000000e+00 
  0.0000000e+00   0.0000000e+00   0.0000000e+00 
mode:   24 freq=  116.6600 
  0.0000000e+00   0.0000000e+00   0.0000000e+00 
  0.0000000e+00   0.0000000e+00   0.0000000e+00 
  0.0000000e+00   0.0000000e+00   0.0000000e+00 
mode:   25 freq=  128.8400 
  0.0000000e+00   0.0000000e+00   0.0000000e+00 
  0.0000000e+00   0.0000000e+00   0.0000000e+00 
  0.0000000e+00   0.0000000e+00   0.0000000e+00 
mode:   26 freq=  135.5700 
  0.0000000e+00   0.0000000e+00   0.0000000e+00 
  0.0000000e+00   0.0000000e+00   0.0000000e+00 
  0.0000000e+00   0.0000000e+00   0.0000000e+00 
mode:   27 freq=  146.6000 
  0.0000000e+00   0.0000000e+00   0.0000000e+00 
  0.0000000e+00   0.0000000e+00   0.0000000e+00 
  0.0000000e+00   0.0000000e+00   0.0000000e+00 
mode:   28 freq=  151.0600 
  0.0000000e+00   0.0000000e+00   0.0000000e+00 
  0.0000000e+00   0.0000000e+00   0.0000000e+00 
  0.0000000e+00   0.0000000e+00   0.0000000e+00 
mode:   29 freq=  167.8700 
  0.0000000e+00   0.0000000e+00   0.0000000e+00 
  0.0000000e+00   0.0000000e+00   0.0000000e+00 
  0.0000000e+00   0.0000000e+00   0.0000000e+00 
mode:   30 freq=  174.9500 
  0.0000000e+00   0.0000000e+00   0.0000000e+00 
  0.0000000e+00   0.0000000e+00   0.0000000e+00 
  0.0000000e+00   0.0000000e+00   0.0000000e+00 
mode:   31 freq=  183.0900 
  0.0000000e+00   0.0000000e+00   0.0000000e+00 
  0.0000000e+00   0.0000000e+00   0.0000000e+00 
  0.0000000e+00   0.0000000e+00   0.0000000e+00 
mode:   32 freq=  183.8800 
  0.0000000e+00   0.0000000e+00   0.0000000e+00 
  0.0000000e+00   0.0000000e+00   0.0000000e+00 
  0.0000000e+00   0.0000000e+00   0.0000000e+00 
mode:   33 freq=  184.5000 
  0.0000000e+00   0.0000000e+00   0.0000000e+00 
  0.0000000e+00   0.0000000e+00   0.0000000e+00 
  0.0000000e+00   0.0000000e+00   0.0000000e+00 
mode:   34 freq=  191.5800 
  0.0000000e+00   0.0000000e+00   0.0000000e+00 
  0.0000000e+00   0.0000000e+00   0.0000000e+00 
  0.0000000e+00   0.0000000e+00   0.0000000e+00 
mode:   35 freq=  196.1400 
  0.0000000e+00   0.0000000e+00   0.0000000e+00 
  0.0000000e+00   0.0000000e+00   0.0000000e+00 
  0.0000000e+00   0.0000000e+00   0.0000000e+00 
mode:   36 freq=  200.6000 
  0.0000000e+00   0.0000000e+00   0.0000000e+00 
  0.0000000e+00   0.0000000e+00   0.0000000e+00 
  0.0000000e+00   0.0000000e+00   0.0000000e+00 
mode:   37 freq=  208.6100 
  0.0000000e+00   0.0000000e+00   0.0000000e+00 
  0.0000000e+00   0.0000000e+00   0.0000000e+00 
  0.0000000e+00   0.0000000e+00   0.0000000e+00 
mode:   38 freq=  219.8700 
  0.0000000e+00   0.0000000e+00   0.0000000e+00 
  0.0000000e+00   0.0000000e+00   0.0000000e+00 
  0.0000000e+00   0.0000000e+00   0.0000000e+00 
mode:   39 freq=  225.5300 
  0.0000000e+00   0.0000000e+00   0.0000000e+00 
  0.0000000e+00   0.0000000e+00   0.0000000e+00 
  0.0000000e+00   0.0000000e+00   0.0000000e+00 
mode:   40 freq=  230.7400 
  0.0000000e+00   0.0000000e+00   0.0000000e+00 
  0.0000000e+00   0.0000000e+00   0.0000000e+00 
  0.0000000e+00   0.0000000e+00   0.0000000e+00 
mode:   41 freq=  241.8900 
  0.0000000e+00   0.0000000e+00   0.0000000e+00 
  0.0000000e+00   0.0000000e+00   0.0000000e+00 
  0.0000000e+00   0.0000000e+00   0.0000000e+00 
mode:   42 freq=  244.6500 
  0.0000000e+00   0.0000000e+00   0.0000000e+00 
  0.0000000e+00   0.0000000e+00   0.0000000e+00 
  0.0000000e+00   0.0000000e+00   0.0000000e+00 
mode:   43 freq=  245.4100 
  0.0000000e+00   0.0000000e+00   0.0000000e+00 
  0.0000000e+00   0.0000000e+00   0.0000000e+00 
  0.0000000e+00   0.0000000e+00   0.0000000e+00 
mode:   44 freq=  248.0500 
  0.0000000e+00   0.0000000e+00   0.0000000e+00 
  0.0000000e+00   0.0000000e+00   0.0000000e+00 
  0.0000000e+00   0.0000000e+00   0.0000000e+00 
mode:   45 freq=  250.2800 
  0.0000000e+00   0.0000000e+00   0.0000000e+00 
  0.0000000e+00   0.0000000e+00   0.0000000e+00 
  0.0000000e+00   0.0000000e+00   0.0000000e+00 
mode:   46 freq=  254.6200 
  0.0000000e+00   0.0000000e+00   0.0000000e+00 
  0.0000000e+00   0.0000000e+00   0.0000000e+00 
  0.0000000e+00   0.0000000e+00   0.0000000e+00 
mode:   47 freq=  262.6800 
  0.0000000e+00   0.0000000e+00   0.0000000e+00 
  0.0000000e+00   0.0000000e+00   0.0000000e+00 
  0.0000000e+00   0.0000000e+00   0.0000000e+00 
mode:   48 freq=  265.1000 
  0.0000000e+00   0.0000000e+00   0.0000000e+00 
  0.0000000e+00   0.0000000e+00   0.0000000e+00 
  0.0000000e+00   0.0000000e+00   0.0000000e+00 
mode:   49 freq=  268.4100 
  0.0000000e+00   0.0000000e+00   0.0000000e+00 
  0.0000000e+00   0.0000000e+00   0.0000000e+00 
  0.0000000e+00   0.0000000e+00   0.0000000e+00 
mode:   50 freq=  276.0700 
  0.0000000e+00   0.0000000e+00   0.0000000e+00 
  0.0000000e+00   0.0000000e+00   0.0000000e+00 
  0.0000000e+00   0.0000000e+00   0.0000000e+00 
mode:   51 freq=  278.2400 
  0.0000000e+00   0.0000000e+00   0.0000000e+00 
  0.0000000e+00   0.0000000e+00   0.0000000e+00 
  0.0000000e+00   0.0000000e+00   0.0000000e+00 
mode:   52 freq=  283.6500 
  0.0000000e+00   0.0000000e+00   0.0000000e+00 
  0.0000000e+00   0.0000000e+00   0.0000000e+00 
  0.0000000e+00   0.0000000e+00   0.0000000e+00 
mode:   53 freq=  296.0600 
  0.0000000e+00   0.0000000e+00   0.0000000e+00 
  0.0000000e+00   0.0000000e+00   0.0000000e+00 
  0.0000000e+00   0.0000000e+00   0.0000000e+00 
mode:   54 freq=  298.6600 
  0.0000000e+00   0.0000000e+00   0.0000000e+00 
  0.0000000e+00   0.0000000e+00   0.0000000e+00 
  0.0000000e+00   0.0000000e+00   0.0000000e+00 
mode:   55 freq=  305.8200 
  0.0000000e+00   0.0000000e+00   0.0000000e+00 
  0.0000000e+00   0.0000000e+00   0.0000000e+00 
  0.0000000e+00   0.0000000e+00   0.0000000e+00 
mode:   56 freq=  309.3200 
  0.0000000e+00   0.0000000e+00   0.0000000e+00 
  0.0000000e+00   0.0000000e+00   0.0000000e+00 
  0.0000000e+00   0.0000000e+00   0.0000000e+00 
mode:   57 freq=  315.9000 
  0.0000000e+00   0.0000000e+00   0.0000000e+00 
  0.0000000e+00   0.0000000e+00   0.0000000e+00 
  0.0000000e+00   0.0000000e+00   0.0000000e+00 
mode:   58 freq=  320.6100 
  0.0000000e+00   0.0000000e+00   0.0000000e+00 
  0.0000000e+00   0.0000000e+00   0.0000000e+00 
  0.0000000e+00   0.0000000e+00   0.0000000e+00 
mode:   59 freq=  322.6100 
  0.0000000e+00   0.0000000e+00   0.0000000e+00 
  0.0000000e+00   0.0000000e+00   0.0000000e+00 
  0.0000000e+00   0.0000000e+00   0.0000000e+00 
mode:   60 freq=  327.5100 
  0.0000000e+00   0.0000000e+00   0.0000000e+00 
  0.0000000e+00   0.0000000e+00   0.0000000e+00 
  0.0000000e+00   0.0000000e+00   0.0000000e+00 
mode:   61 freq=  336.6300 
  0.0000000e+00   0.0000000e+00   0.0000000e+00 
  0.0000000e+00   0.0000000e+00   0.0000000e+00 
  0.0000000e+00   0.0000000e+00   0.0000000e+00 
mode:   62 freq=  341.6300 
  0.0000000e+00   0.0000000e+00   0.0000000e+00 
  0.0000000e+00   0.0000000e+00   0.0000000e+00 
  0.0000000e+00   0.0000000e+00   0.0000000e+00 
mode:   63 freq=  345.7400 
  0.0000000e+00   0.0000000e+00   0.0000000e+00 
  0.0000000e+00   0.0000000e+00   0.0000000e+00 
  0.0000000e+00   0.0000000e+00   0.0000000e+00 
mode:   64 freq=  369.9200 
  0.0000000e+00   0.0000000e+00   0.0000000e+00 
  0.0000000e+00   0.0000000e+00   0.0000000e+00 
  0.0000000e+00   0.0000000e+00   0.0000000e+00 
mode:   65 freq=  377.2400 
  0.0000000e+00   0.0000000e+00   0.0000000e+00 
  0.0000000e+00   0.0000000e+00   0.0000000e+00 
  0.0000000e+00   0.0000000e+00   0.0000000e+00 
mode:   66 freq=  378.2600 
  0.0000000e+00   0.0000000e+00   0.0000000e+00 
  0.0000000e+00   0.0000000e+00   0.0000000e+00 
  0.0000000e+00   0.0000000e+00   0.0000000e+00 
mode:   67 freq=  381.0800 
  0.0000000e+00   0.0000000e+00   0.0000000e+00 
  0.0000000e+00   0.0000000e+00   0.0000000e+00 
  0.0000000e+00   0.0000000e+00   0.0000000e+00 
mode:   68 freq=  402.6300 
  0.0000000e+00   0.0000000e+00   0.0000000e+00 
  0.0000000e+00   0.0000000e+00   0.0000000e+00 
  0.0000000e+00   0.0000000e+00   0.0000000e+00 
mode:   69 freq=  411.5400 
  0.0000000e+00   0.0000000e+00   0.0000000e+00 
  0.0000000e+00   0.0000000e+00   0.0000000e+00 
  0.0000000e+00   0.0000000e+00   0.0000000e+00 
mode:   70 freq=  413.2400 
  0.0000000e+00   0.0000000e+00   0.0000000e+00 
  0.0000000e+00   0.0000000e+00   0.0000000e+00 
  0.0000000e+00   0.0000000e+00   0.0000000e+00 
mode:   71 freq=  416.6300 
  0.0000000e+00   0.0000000e+00   0.0000000e+00 
  0.0000000e+00   0.0000000e+00   0.0000000e+00 
  0.0000000e+00   0.0000000e+00   0.0000000e+00 
mode:   72 freq=  417.5300 
  0.0000000e+00   0.0000000e+00   0.0000000e+00 
  0.0000000e+00   0.0000000e+00   0.0000000e+00 
  0.0000000e+00   0.0000000e+00   0.0000000e+00 
mode:   73 freq=  425.9800 
  0.0000000e+00   0.0000000e+00   0.0000000e+00 
  0.0000000e+00   0.0000000e+00   0.0000000e+00 
  0.0000000e+00   0.0000000e+00   0.0000000e+00 
mode:   74 freq=  444.1900 
  0.0000000e+00   0.0000000e+00   0.0000000e+00 
  0.0000000e+00   0.0000000e+00   0.0000000e+00 
  0.0000000e+00   0.0000000e+00   0.0000000e+00 
mode:   75 freq=  447.6600 
  0.0000000e+00   0.0000000e+00   0.0000000e+00 
  0.0000000e+00   0.0000000e+00   0.0000000e+00 
  0.0000000e+00   0.0000000e+00   0.0000000e+00 
mode:   76 freq=  455.2200 
  0.0000000e+00   0.0000000e+00   0.0000000e+00 
  0.0000000e+00   0.0000000e+00   0.0000000e+00 
  0.0000000e+00   0.0000000e+00   0.0000000e+00 
mode:   77 freq=  457.0900 
  0.0000000e+00   0.0000000e+00   0.0000000e+00 
  0.0000000e+00   0.0000000e+00   0.0000000e+00 
  0.0000000e+00   0.0000000e+00   0.0000000e+00 
mode:   78 freq=  466.1100 
  0.0000000e+00   0.0000000e+00   0.0000000e+00 
  0.0000000e+00   0.0000000e+00   0.0000000e+00 
  0.0000000e+00   0.0000000e+00   0.0000000e+00 
mode:   79 freq=  474.2100 
  0.0000000e+00   0.0000000e+00   0.0000000e+00 
  0.0000000e+00   0.0000000e+00   0.0000000e+00 
  0.0000000e+00   0.0000000e+00   0.0000000e+00 
mode:   80 freq=  476.3600 
  0.0000000e+00   0.0000000e+00   0.0000000e+00 
  0.0000000e+00   0.0000000e+00   0.0000000e+00 
  0.0000000e+00   0.0000000e+00   0.0000000e+00 
mode:   81 freq=  483.8000 
  0.0000000e+00   0.0000000e+00   0.0000000e+00 
  0.0000000e+00   0.0000000e+00   0.0000000e+00 
  0.0000000e+00   0.0000000e+00   0.0000000e+00 
mode:   82 freq=  492.2700 
  0.0000000e+00   0.0000000e+00   0.0000000e+00 
  0.0000000e+00   0.0000000e+00   0.0000000e+00 
  0.0000000e+00   0.0000000e+00   0.0000000e+00 
mode:   83 freq=  495.4600 
  0.0000000e+00   0.0000000e+00   0.0000000e+00 
  0.0000000e+00   0.0000000e+00   0.0000000e+00 
  0.0000000e+00   0.0000000e+00   0.0000000e+00 
mode:   84 freq=  509.9800 
  0.0000000e+00   0.0000000e+00   0.0000000e+00 
  0.0000000e+00   0.0000000e+00   0.0000000e+00 
  0.0000000e+00   0.0000000e+00   0.0000000e+00 
mode:   85 freq=  512.6500 
  0.0000000e+00   0.0000000e+00   0.0000000e+00 
  0.0000000e+00   0.0000000e+00   0.0000000e+00 
  0.0000000e+00   0.0000000e+00   0.0000000e+00 
mode:   86 freq=  528.5000 
  0.0000000e+00   0.0000000e+00   0.0000000e+00 
  0.0000000e+00   0.0000000e+00   0.0000000e+00 
  0.0000000e+00   0.0000000e+00   0.0000000e+00 
mode:   87 freq=  530.2600 
  0.0000000e+00   0.0000000e+00   0.0000000e+00 
  0.0000000e+00   0.0000000e+00   0.0000000e+00 
  0.0000000e+00   0.0000000e+00   0.0000000e+00 
mode:   88 freq=  541.7900 
  0.0000000e+00   0.0000000e+00   0.0000000e+00 
  0.0000000e+00   0.0000000e+00   0.0000000e+00 
  0.0000000e+00   0.0000000e+00   0.0000000e+00 
mode:   89 freq=  560.7800 
  0.0000000e+00   0.0000000e+00   0.0000000e+00 
  0.0000000e+00   0.0000000e+00   0.0000000e+00 
  0.0000000e+00   0.0000000e+00   0.0000000e+00 
mode:   90 freq=  567.7700 
  0.0000000e+00   0.0000000e+00   0.0000000e+00 
  0.0000000e+00   0.0000000e+00   0.0000000e+00 
  0.0000000e+00   0.0000000e+00   0.0000000e+00 
mode:   91 freq=  572.8800 
  0.0000000e+00   0.0000000e+00   0.0000000e+00 
  0.0000000e+00   0.0000000e+00   0.0000000e+00 
  0.0000000e+00   0.0000000e+00   0.0000000e+00 
mode:   92 freq=  576.9700 
  0.0000000e+00   0.0000000e+00   0.0000000e+00 
  0.0000000e+00   0.0000000e+00   0.0000000e+00 
  0.0000000e+00   0.0000000e+00   0.0000000e+00 
mode:   93 freq=  580.2100 
  0.0000000e+00   0.0000000e+00   0.0000000e+00 
  0.0000000e+00   0.0000000e+00   0.0000000e+00 
  0.0000000e+00   0.0000000e+00   0.0000000e+00 
mode:   94 freq=  592.5100 
  0.0000000e+00   0.0000000e+00   0.0000000e+00 
  0.0000000e+00   0.0000000e+00   0.0000000e+00 
  0.0000000e+00   0.0000000e+00   0.0000000e+00 
mode:   95 freq=  598.8700 
  0.0000000e+00   0.0000000e+00   0.0000000e+00 
  0.0000000e+00   0.0000000e+00   0.0000000e+00 
  0.0000000e+00   0.0000000e+00   0.0000000e+00 
mode:   96 freq=  614.1900 
  0.0000000e+00   0.0000000e+00   0.0000000e+00 
  0.0000000e+00   0.0000000e+00   0.0000000e+00 
  0.0000000e+00   0.0000000e+00   0.0000000e+00 
mode:   97 freq=  630.9600 
  0.0000000e+00   0.0000000e+00   0.0000000e+00 
  0.0000000e+00   0.0000000e+00   0.0000000e+00 
  0.0000000e+00   0.0000000e+00   0.0000000e+00 
mode:   98 freq=  639.7300 
  0.0000000e+00   0.0000000e+00   0.0000000e+00 
  0.0000000e+00   0.0000000e+00   0.0000000e+00 
  0.0000000e+00   0.0000000e+00   0.0000000e+00 
mode:   99 freq=  656.3400 
  0.0000000e+00   0.0000000e+00   0.0000000e+00 
  0.0000000e+00   0.0000000e+00   0.0000000e+00 
  0.0000000e+00   0.0000000e+00   0.0000000e+00 
mode:  100 freq=  657.9800 
  0.0000000e+00   0.0000000e+00   0.0000000e+00 
  0.0000000e+00   0.0000000e+00   0.0000000e+00 
  0.0000000e+00   0.0000000e+00   0.0000000e+00 
mode:  101 freq=  661.1100 
  0.0000000e+00   0.0000000e+00   0.0000000e+00 
  0.0000000e+00   0.0000000e+00   0.0000000e+00 
  0.0000000e+00   0.0000000e+00   0.0000000e+00 
mode:  102 freq=  674.0100 
  0.0000000e+00   0.0000000e+00   0.0000000e+00 
  0.0000000e+00   0.0000000e+00   0.0000000e+00 
  0.0000000e+00   0.0000000e+00   0.0000000e+00 
mode:  103 freq=  710.6400 
  0.0000000e+00   0.0000000e+00   0.0000000e+00 
  0.0000000e+00   0.0000000e+00   0.0000000e+00 
  0.0000000e+00   0.0000000e+00   0.0000000e+00 
mode:  104 freq=  720.8500 
  0.0000000e+00   0.0000000e+00   0.0000000e+00 
  0.0000000e+00   0.0000000e+00   0.0000000e+00 
  0.0000000e+00   0.0000000e+00   0.0000000e+00 
mode:  105 freq=  728.6800 
  0.0000000e+00   0.0000000e+00   0.0000000e+00 
  0.0000000e+00   0.0000000e+00   0.0000000e+00 
  0.0000000e+00   0.0000000e+00   0.0000000e+00 
mode:  106 freq=  733.1500 
  0.0000000e+00   0.0000000e+00   0.0000000e+00 
  0.0000000e+00   0.0000000e+00   0.0000000e+00 
  0.0000000e+00   0.0000000e+00   0.0000000e+00 
mode:  107 freq=  746.2800 
  0.0000000e+00   0.0000000e+00   0.0000000e+00 
  0.0000000e+00   0.0000000e+00   0.0000000e+00 
  0.0000000e+00   0.0000000e+00   0.0000000e+00 
mode:  108 freq=  753.3600 
  0.0000000e+00   0.0000000e+00   0.0000000e+00 
  0.0000000e+00   0.0000000e+00   0.0000000e+00 
  0.0000000e+00   0.0000000e+00   0.0000000e+00 
mode:  109 freq=  759.9500 
  0.0000000e+00   0.0000000e+00   0.0000000e+00 
  0.0000000e+00   0.0000000e+00   0.0000000e+00 
  0.0000000e+00   0.0000000e+00   0.0000000e+00 
mode:  110 freq=  770.0600 
  0.0000000e+00   0.0000000e+00   0.0000000e+00 
  0.0000000e+00   0.0000000e+00   0.0000000e+00 
  0.0000000e+00   0.0000000e+00   0.0000000e+00 
mode:  111 freq=  771.1800 
  0.0000000e+00   0.0000000e+00   0.0000000e+00 
  0.0000000e+00   0.0000000e+00   0.0000000e+00 
  0.0000000e+00   0.0000000e+00   0.0000000e+00 
mode:  112 freq=  774.2100 
  0.0000000e+00   0.0000000e+00   0.0000000e+00 
  0.0000000e+00   0.0000000e+00   0.0000000e+00 
  0.0000000e+00   0.0000000e+00   0.0000000e+00 
mode:  113 freq=  776.1700 
  0.0000000e+00   0.0000000e+00   0.0000000e+00 
  0.0000000e+00   0.0000000e+00   0.0000000e+00 
  0.0000000e+00   0.0000000e+00   0.0000000e+00 
mode:  114 freq=  787.2900 
  0.0000000e+00   0.0000000e+00   0.0000000e+00 
  0.0000000e+00   0.0000000e+00   0.0000000e+00 
  0.0000000e+00   0.0000000e+00   0.0000000e+00 
mode:  115 freq=  791.5800 
  0.0000000e+00   0.0000000e+00   0.0000000e+00 
  0.0000000e+00   0.0000000e+00   0.0000000e+00 
  0.0000000e+00   0.0000000e+00   0.0000000e+00 
mode:  116 freq=  796.0700 
  0.0000000e+00   0.0000000e+00   0.0000000e+00 
  0.0000000e+00   0.0000000e+00   0.0000000e+00 
  0.0000000e+00   0.0000000e+00   0.0000000e+00 
mode:  117 freq=  811.7400 
  0.0000000e+00   0.0000000e+00   0.0000000e+00 
  0.0000000e+00   0.0000000e+00   0.0000000e+00 
  0.0000000e+00   0.0000000e+00   0.0000000e+00 
mode:  118 freq=  813.5000 
  0.0000000e+00   0.0000000e+00   0.0000000e+00 
  0.0000000e+00   0.0000000e+00   0.0000000e+00 
  0.0000000e+00   0.0000000e+00   0.0000000e+00 
mode:  119 freq=  818.0000 
  0.0000000e+00   0.0000000e+00   0.0000000e+00 
  0.0000000e+00   0.0000000e+00   0.0000000e+00 
  0.0000000e+00   0.0000000e+00   0.0000000e+00 
mode:  120 freq=  823.1200 
  0.0000000e+00   0.0000000e+00   0.0000000e+00 
  0.0000000e+00   0.0000000e+00   0.0000000e+00 
  0.0000000e+00   0.0000000e+00   0.0000000e+00 
mode:  121 freq=  842.1800 
  0.0000000e+00   0.0000000e+00   0.0000000e+00 
  0.0000000e+00   0.0000000e+00   0.0000000e+00 
  0.0000000e+00   0.0000000e+00   0.0000000e+00 
mode:  122 freq=  842.9500 
  0.0000000e+00   0.0000000e+00   0.0000000e+00 
  0.0000000e+00   0.0000000e+00   0.0000000e+00 
  0.0000000e+00   0.0000000e+00   0.0000000e+00 
mode:  123 freq=  855.7200 
  0.0000000e+00   0.0000000e+00   0.0000000e+00 
  0.0000000e+00   0.0000000e+00   0.0000000e+00 
  0.0000000e+00   0.0000000e+00   0.0000000e+00 
mode:  124 freq=  867.3100 
  0.0000000e+00   0.0000000e+00   0.0000000e+00 
  0.0000000e+00   0.0000000e+00   0.0000000e+00 
  0.0000000e+00   0.0000000e+00   0.0000000e+00 
mode:  125 freq=  873.4900 
  0.0000000e+00   0.0000000e+00   0.0000000e+00 
  0.0000000e+00   0.0000000e+00   0.0000000e+00 
  0.0000000e+00   0.0000000e+00   0.0000000e+00 
mode:  126 freq=  879.3200 
  0.0000000e+00   0.0000000e+00   0.0000000e+00 
  0.0000000e+00   0.0000000e+00   0.0000000e+00 
  0.0000000e+00   0.0000000e+00   0.0000000e+00 
mode:  127 freq=  886.0800 
  0.0000000e+00   0.0000000e+00   0.0000000e+00 
  0.0000000e+00   0.0000000e+00   0.0000000e+00 
  0.0000000e+00   0.0000000e+00   0.0000000e+00 
mode:  128 freq=  926.3500 
  0.0000000e+00   0.0000000e+00   0.0000000e+00 
  0.0000000e+00   0.0000000e+00   0.0000000e+00 
  0.0000000e+00   0.0000000e+00   0.0000000e+00 
mode:  129 freq=  928.9400 
  0.0000000e+00   0.0000000e+00   0.0000000e+00 
  0.0000000e+00   0.0000000e+00   0.0000000e+00 
  0.0000000e+00   0.0000000e+00   0.0000000e+00 
mode:  130 freq=  931.4700 
  0.0000000e+00   0.0000000e+00   0.0000000e+00 
  0.0000000e+00   0.0000000e+00   0.0000000e+00 
  0.0000000e+00   0.0000000e+00   0.0000000e+00 
mode:  131 freq=  934.5900 
  0.0000000e+00   0.0000000e+00   0.0000000e+00 
  0.0000000e+00   0.0000000e+00   0.0000000e+00 
  0.0000000e+00   0.0000000e+00   0.0000000e+00 
mode:  132 freq=  941.2400 
  0.0000000e+00   0.0000000e+00   0.0000000e+00 
  0.0000000e+00   0.0000000e+00   0.0000000e+00 
  0.0000000e+00   0.0000000e+00   0.0000000e+00 
mode:  133 freq=  941.3400 
  0.0000000e+00   0.0000000e+00   0.0000000e+00 
  0.0000000e+00   0.0000000e+00   0.0000000e+00 
  0.0000000e+00   0.0000000e+00   0.0000000e+00 
mode:  134 freq=  953.7800 
  0.0000000e+00   0.0000000e+00   0.0000000e+00 
  0.0000000e+00   0.0000000e+00   0.0000000e+00 
  0.0000000e+00   0.0000000e+00   0.0000000e+00 
mode:  135 freq=  954.1400 
  0.0000000e+00   0.0000000e+00   0.0000000e+00 
  0.0000000e+00   0.0000000e+00   0.0000000e+00 
  0.0000000e+00   0.0000000e+00   0.0000000e+00 
mode:  136 freq=  955.8800 
  0.0000000e+00   0.0000000e+00   0.0000000e+00 
  0.0000000e+00   0.0000000e+00   0.0000000e+00 
  0.0000000e+00   0.0000000e+00   0.0000000e+00 
mode:  137 freq=  957.0800 
  0.0000000e+00   0.0000000e+00   0.0000000e+00 
  0.0000000e+00   0.0000000e+00   0.0000000e+00 
  0.0000000e+00   0.0000000e+00   0.0000000e+00 
mode:  138 freq=  960.0100 
  0.0000000e+00   0.0000000e+00   0.0000000e+00 
  0.0000000e+00   0.0000000e+00   0.0000000e+00 
  0.0000000e+00   0.0000000e+00   0.0000000e+00 
mode:  139 freq=  960.3100 
  0.0000000e+00   0.0000000e+00   0.0000000e+00 
  0.0000000e+00   0.0000000e+00   0.0000000e+00 
  0.0000000e+00   0.0000000e+00   0.0000000e+00 
mode:  140 freq=  960.5900 
  0.0000000e+00   0.0000000e+00   0.0000000e+00 
  0.0000000e+00   0.0000000e+00   0.0000000e+00 
  0.0000000e+00   0.0000000e+00   0.0000000e+00 
mode:  141 freq=  964.6400 
  0.0000000e+00   0.0000000e+00   0.0000000e+00 
  0.0000000e+00   0.0000000e+00   0.0000000e+00 
  0.0000000e+00   0.0000000e+00   0.0000000e+00 
mode:  142 freq=  965.1600 
  0.0000000e+00   0.0000000e+00   0.0000000e+00 
  0.0000000e+00   0.0000000e+00   0.0000000e+00 
  0.0000000e+00   0.0000000e+00   0.0000000e+00 
mode:  143 freq=  966.1000 
  0.0000000e+00   0.0000000e+00   0.0000000e+00 
  0.0000000e+00   0.0000000e+00   0.0000000e+00 
  0.0000000e+00   0.0000000e+00   0.0000000e+00 
mode:  144 freq=  978.6800 
  0.0000000e+00   0.0000000e+00   0.0000000e+00 
  0.0000000e+00   0.0000000e+00   0.0000000e+00 
  0.0000000e+00   0.0000000e+00   0.0000000e+00 
mode:  145 freq=  992.4600 
  0.0000000e+00   0.0000000e+00   0.0000000e+00 
  0.0000000e+00   0.0000000e+00   0.0000000e+00 
  0.0000000e+00   0.0000000e+00   0.0000000e+00 
mode:  146 freq=  999.2200 
  0.0000000e+00   0.0000000e+00   0.0000000e+00 
  0.0000000e+00   0.0000000e+00   0.0000000e+00 
  0.0000000e+00   0.0000000e+00   0.0000000e+00 
mode:  147 freq= 1006.2100 
  0.0000000e+00   0.0000000e+00   0.0000000e+00 
  0.0000000e+00   0.0000000e+00   0.0000000e+00 
  0.0000000e+00   0.0000000e+00   0.0000000e+00 
mode:  148 freq= 1009.3100 
  0.0000000e+00   0.0000000e+00   0.0000000e+00 
  0.0000000e+00   0.0000000e+00   0.0000000e+00 
  0.0000000e+00   0.0000000e+00   0.0000000e+00 
mode:  149 freq= 1023.3300 
  0.0000000e+00   0.0000000e+00   0.0000000e+00 
  0.0000000e+00   0.0000000e+00   0.0000000e+00 
  0.0000000e+00   0.0000000e+00   0.0000000e+00 
mode:  150 freq= 1025.7200 
  0.0000000e+00   0.0000000e+00   0.0000000e+00 
  0.0000000e+00   0.0000000e+00   0.0000000e+00 
  0.0000000e+00   0.0000000e+00   0.0000000e+00 
mode:  151 freq= 1029.0600 
  0.0000000e+00   0.0000000e+00   0.0000000e+00 
  0.0000000e+00   0.0000000e+00   0.0000000e+00 
  0.0000000e+00   0.0000000e+00   0.0000000e+00 
mode:  152 freq= 1034.9400 
  0.0000000e+00   0.0000000e+00   0.0000000e+00 
  0.0000000e+00   0.0000000e+00   0.0000000e+00 
  0.0000000e+00   0.0000000e+00   0.0000000e+00 
mode:  153 freq= 1035.8800 
  0.0000000e+00   0.0000000e+00   0.0000000e+00 
  0.0000000e+00   0.0000000e+00   0.0000000e+00 
  0.0000000e+00   0.0000000e+00   0.0000000e+00 
mode:  154 freq= 1036.2200 
  0.0000000e+00   0.0000000e+00   0.0000000e+00 
  0.0000000e+00   0.0000000e+00   0.0000000e+00 
  0.0000000e+00   0.0000000e+00   0.0000000e+00 
mode:  155 freq= 1038.0100 
  0.0000000e+00   0.0000000e+00   0.0000000e+00 
  0.0000000e+00   0.0000000e+00   0.0000000e+00 
  0.0000000e+00   0.0000000e+00   0.0000000e+00 
mode:  156 freq= 1041.6600 
  0.0000000e+00   0.0000000e+00   0.0000000e+00 
  0.0000000e+00   0.0000000e+00   0.0000000e+00 
  0.0000000e+00   0.0000000e+00   0.0000000e+00 
mode:  157 freq= 1045.7700 
  0.0000000e+00   0.0000000e+00   0.0000000e+00 
  0.0000000e+00   0.0000000e+00   0.0000000e+00 
  0.0000000e+00   0.0000000e+00   0.0000000e+00 
mode:  158 freq= 1050.4300 
  0.0000000e+00   0.0000000e+00   0.0000000e+00 
  0.0000000e+00   0.0000000e+00   0.0000000e+00 
  0.0000000e+00   0.0000000e+00   0.0000000e+00 
mode:  159 freq= 1052.6700 
  0.0000000e+00   0.0000000e+00   0.0000000e+00 
  0.0000000e+00   0.0000000e+00   0.0000000e+00 
  0.0000000e+00   0.0000000e+00   0.0000000e+00 
mode:  160 freq= 1054.8400 
  0.0000000e+00   0.0000000e+00   0.0000000e+00 
  0.0000000e+00   0.0000000e+00   0.0000000e+00 
  0.0000000e+00   0.0000000e+00   0.0000000e+00 
mode:  161 freq= 1060.1700 
  0.0000000e+00   0.0000000e+00   0.0000000e+00 
  0.0000000e+00   0.0000000e+00   0.0000000e+00 
  0.0000000e+00   0.0000000e+00   0.0000000e+00 
mode:  162 freq= 1066.5100 
  0.0000000e+00   0.0000000e+00   0.0000000e+00 
  0.0000000e+00   0.0000000e+00   0.0000000e+00 
  0.0000000e+00   0.0000000e+00   0.0000000e+00 
mode:  163 freq= 1073.3000 
  0.0000000e+00   0.0000000e+00   0.0000000e+00 
  0.0000000e+00   0.0000000e+00   0.0000000e+00 
  0.0000000e+00   0.0000000e+00   0.0000000e+00 
mode:  164 freq= 1084.5200 
  0.0000000e+00   0.0000000e+00   0.0000000e+00 
  0.0000000e+00   0.0000000e+00   0.0000000e+00 
  0.0000000e+00   0.0000000e+00   0.0000000e+00 
mode:  165 freq= 1088.5600 
  0.0000000e+00   0.0000000e+00   0.0000000e+00 
  0.0000000e+00   0.0000000e+00   0.0000000e+00 
  0.0000000e+00   0.0000000e+00   0.0000000e+00 
mode:  166 freq= 1093.5600 
  0.0000000e+00   0.0000000e+00   0.0000000e+00 
  0.0000000e+00   0.0000000e+00   0.0000000e+00 
  0.0000000e+00   0.0000000e+00   0.0000000e+00 
mode:  167 freq= 1102.7700 
  0.0000000e+00   0.0000000e+00   0.0000000e+00 
  0.0000000e+00   0.0000000e+00   0.0000000e+00 
  0.0000000e+00   0.0000000e+00   0.0000000e+00 
mode:  168 freq= 1112.0000 
  0.0000000e+00   0.0000000e+00   0.0000000e+00 
  0.0000000e+00   0.0000000e+00   0.0000000e+00 
  0.0000000e+00   0.0000000e+00   0.0000000e+00 
mode:  169 freq= 1118.7200 
  0.0000000e+00   0.0000000e+00   0.0000000e+00 
  0.0000000e+00   0.0000000e+00   0.0000000e+00 
  0.0000000e+00   0.0000000e+00   0.0000000e+00 
mode:  170 freq= 1121.1700 
  0.0000000e+00   0.0000000e+00   0.0000000e+00 
  0.0000000e+00   0.0000000e+00   0.0000000e+00 
  0.0000000e+00   0.0000000e+00   0.0000000e+00 
mode:  171 freq= 1128.2300 
  0.0000000e+00   0.0000000e+00   0.0000000e+00 
  0.0000000e+00   0.0000000e+00   0.0000000e+00 
  0.0000000e+00   0.0000000e+00   0.0000000e+00 
mode:  172 freq= 1134.0800 
  0.0000000e+00   0.0000000e+00   0.0000000e+00 
  0.0000000e+00   0.0000000e+00   0.0000000e+00 
  0.0000000e+00   0.0000000e+00   0.0000000e+00 
mode:  173 freq= 1138.4400 
  0.0000000e+00   0.0000000e+00   0.0000000e+00 
  0.0000000e+00   0.0000000e+00   0.0000000e+00 
  0.0000000e+00   0.0000000e+00   0.0000000e+00 
mode:  174 freq= 1145.2600 
  0.0000000e+00   0.0000000e+00   0.0000000e+00 
  0.0000000e+00   0.0000000e+00   0.0000000e+00 
  0.0000000e+00   0.0000000e+00   0.0000000e+00 
mode:  175 freq= 1155.5200 
  0.0000000e+00   0.0000000e+00   0.0000000e+00 
  0.0000000e+00   0.0000000e+00   0.0000000e+00 
  0.0000000e+00   0.0000000e+00   0.0000000e+00 
mode:  176 freq= 1161.0700 
  0.0000000e+00   0.0000000e+00   0.0000000e+00 
  0.0000000e+00   0.0000000e+00   0.0000000e+00 
  0.0000000e+00   0.0000000e+00   0.0000000e+00 
mode:  177 freq= 1168.6300 
  0.0000000e+00   0.0000000e+00   0.0000000e+00 
  0.0000000e+00   0.0000000e+00   0.0000000e+00 
  0.0000000e+00   0.0000000e+00   0.0000000e+00 
mode:  178 freq= 1170.2300 
  0.0000000e+00   0.0000000e+00   0.0000000e+00 
  0.0000000e+00   0.0000000e+00   0.0000000e+00 
  0.0000000e+00   0.0000000e+00   0.0000000e+00 
mode:  179 freq= 1173.3800 
  0.0000000e+00   0.0000000e+00   0.0000000e+00 
  0.0000000e+00   0.0000000e+00   0.0000000e+00 
  0.0000000e+00   0.0000000e+00   0.0000000e+00 
mode:  180 freq= 1189.1200 
  0.0000000e+00   0.0000000e+00   0.0000000e+00 
  0.0000000e+00   0.0000000e+00   0.0000000e+00 
  0.0000000e+00   0.0000000e+00   0.0000000e+00 
mode:  181 freq= 1195.0200 
  0.0000000e+00   0.0000000e+00   0.0000000e+00 
  0.0000000e+00   0.0000000e+00   0.0000000e+00 
  0.0000000e+00   0.0000000e+00   0.0000000e+00 
mode:  182 freq= 1195.6300 
  0.0000000e+00   0.0000000e+00   0.0000000e+00 
  0.0000000e+00   0.0000000e+00   0.0000000e+00 
  0.0000000e+00   0.0000000e+00   0.0000000e+00 
mode:  183 freq= 1205.1400 
  0.0000000e+00   0.0000000e+00   0.0000000e+00 
  0.0000000e+00   0.0000000e+00   0.0000000e+00 
  0.0000000e+00   0.0000000e+00   0.0000000e+00 
mode:  184 freq= 1218.0600 
  0.0000000e+00   0.0000000e+00   0.0000000e+00 
  0.0000000e+00   0.0000000e+00   0.0000000e+00 
  0.0000000e+00   0.0000000e+00   0.0000000e+00 
mode:  185 freq= 1220.2500 
  0.0000000e+00   0.0000000e+00   0.0000000e+00 
  0.0000000e+00   0.0000000e+00   0.0000000e+00 
  0.0000000e+00   0.0000000e+00   0.0000000e+00 
mode:  186 freq= 1222.5700 
  0.0000000e+00   0.0000000e+00   0.0000000e+00 
  0.0000000e+00   0.0000000e+00   0.0000000e+00 
  0.0000000e+00   0.0000000e+00   0.0000000e+00 
mode:  187 freq= 1236.3400 
  0.0000000e+00   0.0000000e+00   0.0000000e+00 
  0.0000000e+00   0.0000000e+00   0.0000000e+00 
  0.0000000e+00   0.0000000e+00   0.0000000e+00 
mode:  188 freq= 1237.2300 
  0.0000000e+00   0.0000000e+00   0.0000000e+00 
  0.0000000e+00   0.0000000e+00   0.0000000e+00 
  0.0000000e+00   0.0000000e+00   0.0000000e+00 
mode:  189 freq= 1238.8200 
  0.0000000e+00   0.0000000e+00   0.0000000e+00 
  0.0000000e+00   0.0000000e+00   0.0000000e+00 
  0.0000000e+00   0.0000000e+00   0.0000000e+00 
mode:  190 freq= 1261.4800 
  0.0000000e+00   0.0000000e+00   0.0000000e+00 
  0.0000000e+00   0.0000000e+00   0.0000000e+00 
  0.0000000e+00   0.0000000e+00   0.0000000e+00 
mode:  191 freq= 1263.4900 
  0.0000000e+00   0.0000000e+00   0.0000000e+00 
  0.0000000e+00   0.0000000e+00   0.0000000e+00 
  0.0000000e+00   0.0000000e+00   0.0000000e+00 
mode:  192 freq= 1267.1500 
  0.0000000e+00   0.0000000e+00   0.0000000e+00 
  0.0000000e+00   0.0000000e+00   0.0000000e+00 
  0.0000000e+00   0.0000000e+00   0.0000000e+00 
mode:  193 freq= 1271.1700 
  0.0000000e+00   0.0000000e+00   0.0000000e+00 
  0.0000000e+00   0.0000000e+00   0.0000000e+00 
  0.0000000e+00   0.0000000e+00   0.0000000e+00 
mode:  194 freq= 1273.1700 
  0.0000000e+00   0.0000000e+00   0.0000000e+00 
  0.0000000e+00   0.0000000e+00   0.0000000e+00 
  0.0000000e+00   0.0000000e+00   0.0000000e+00 
mode:  195 freq= 1273.5000 
  0.0000000e+00   0.0000000e+00   0.0000000e+00 
  0.0000000e+00   0.0000000e+00   0.0000000e+00 
  0.0000000e+00   0.0000000e+00   0.0000000e+00 
mode:  196 freq= 1283.6000 
  0.0000000e+00   0.0000000e+00   0.0000000e+00 
  0.0000000e+00   0.0000000e+00   0.0000000e+00 
  0.0000000e+00   0.0000000e+00   0.0000000e+00 
mode:  197 freq= 1294.0300 
  0.0000000e+00   0.0000000e+00   0.0000000e+00 
  0.0000000e+00   0.0000000e+00   0.0000000e+00 
  0.0000000e+00   0.0000000e+00   0.0000000e+00 
mode:  198 freq= 1294.9600 
  0.0000000e+00   0.0000000e+00   0.0000000e+00 
  0.0000000e+00   0.0000000e+00   0.0000000e+00 
  0.0000000e+00   0.0000000e+00   0.0000000e+00 
mode:  199 freq= 1296.0800 
  0.0000000e+00   0.0000000e+00   0.0000000e+00 
  0.0000000e+00   0.0000000e+00   0.0000000e+00 
  0.0000000e+00   0.0000000e+00   0.0000000e+00 
mode:  200 freq= 1304.1800 
  0.0000000e+00   0.0000000e+00   0.0000000e+00 
  0.0000000e+00   0.0000000e+00   0.0000000e+00 
  0.0000000e+00   0.0000000e+00   0.0000000e+00 
mode:  201 freq= 1319.8300 
  0.0000000e+00   0.0000000e+00   0.0000000e+00 
  0.0000000e+00   0.0000000e+00   0.0000000e+00 
  0.0000000e+00   0.0000000e+00   0.0000000e+00 
mode:  202 freq= 1325.4600 
  0.0000000e+00   0.0000000e+00   0.0000000e+00 
  0.0000000e+00   0.0000000e+00   0.0000000e+00 
  0.0000000e+00   0.0000000e+00   0.0000000e+00 
mode:  203 freq= 1325.5300 
  0.0000000e+00   0.0000000e+00   0.0000000e+00 
  0.0000000e+00   0.0000000e+00   0.0000000e+00 
  0.0000000e+00   0.0000000e+00   0.0000000e+00 
mode:  204 freq= 1330.6000 
  0.0000000e+00   0.0000000e+00   0.0000000e+00 
  0.0000000e+00   0.0000000e+00   0.0000000e+00 
  0.0000000e+00   0.0000000e+00   0.0000000e+00 
mode:  205 freq= 1334.4500 
  0.0000000e+00   0.0000000e+00   0.0000000e+00 
  0.0000000e+00   0.0000000e+00   0.0000000e+00 
  0.0000000e+00   0.0000000e+00   0.0000000e+00 
mode:  206 freq= 1337.2200 
  0.0000000e+00   0.0000000e+00   0.0000000e+00 
  0.0000000e+00   0.0000000e+00   0.0000000e+00 
  0.0000000e+00   0.0000000e+00   0.0000000e+00 
mode:  207 freq= 1347.3200 
  0.0000000e+00   0.0000000e+00   0.0000000e+00 
  0.0000000e+00   0.0000000e+00   0.0000000e+00 
  0.0000000e+00   0.0000000e+00   0.0000000e+00 
mode:  208 freq= 1365.1400 
  0.0000000e+00   0.0000000e+00   0.0000000e+00 
  0.0000000e+00   0.0000000e+00   0.0000000e+00 
  0.0000000e+00   0.0000000e+00   0.0000000e+00 
mode:  209 freq= 1369.1100 
  0.0000000e+00   0.0000000e+00   0.0000000e+00 
  0.0000000e+00   0.0000000e+00   0.0000000e+00 
  0.0000000e+00   0.0000000e+00   0.0000000e+00 
mode:  210 freq= 1380.9000 
  0.0000000e+00   0.0000000e+00   0.0000000e+00 
  0.0000000e+00   0.0000000e+00   0.0000000e+00 
  0.0000000e+00   0.0000000e+00   0.0000000e+00 
mode:  211 freq= 1382.2100 
  0.0000000e+00   0.0000000e+00   0.0000000e+00 
  0.0000000e+00   0.0000000e+00   0.0000000e+00 
  0.0000000e+00   0.0000000e+00   0.0000000e+00 
mode:  212 freq= 1384.6100 
  0.0000000e+00   0.0000000e+00   0.0000000e+00 
  0.0000000e+00   0.0000000e+00   0.0000000e+00 
  0.0000000e+00   0.0000000e+00   0.0000000e+00 
mode:  213 freq= 1390.9000 
  0.0000000e+00   0.0000000e+00   0.0000000e+00 
  0.0000000e+00   0.0000000e+00   0.0000000e+00 
  0.0000000e+00   0.0000000e+00   0.0000000e+00 
mode:  214 freq= 1396.1000 
  0.0000000e+00   0.0000000e+00   0.0000000e+00 
  0.0000000e+00   0.0000000e+00   0.0000000e+00 
  0.0000000e+00   0.0000000e+00   0.0000000e+00 
mode:  215 freq= 1397.0300 
  0.0000000e+00   0.0000000e+00   0.0000000e+00 
  0.0000000e+00   0.0000000e+00   0.0000000e+00 
  0.0000000e+00   0.0000000e+00   0.0000000e+00 
mode:  216 freq= 1401.6700 
  0.0000000e+00   0.0000000e+00   0.0000000e+00 
  0.0000000e+00   0.0000000e+00   0.0000000e+00 
  0.0000000e+00   0.0000000e+00   0.0000000e+00 
mode:  217 freq= 1403.0600 
  0.0000000e+00   0.0000000e+00   0.0000000e+00 
  0.0000000e+00   0.0000000e+00   0.0000000e+00 
  0.0000000e+00   0.0000000e+00   0.0000000e+00 
mode:  218 freq= 1404.1000 
  0.0000000e+00   0.0000000e+00   0.0000000e+00 
  0.0000000e+00   0.0000000e+00   0.0000000e+00 
  0.0000000e+00   0.0000000e+00   0.0000000e+00 
mode:  219 freq= 1405.0200 
  0.0000000e+00   0.0000000e+00   0.0000000e+00 
  0.0000000e+00   0.0000000e+00   0.0000000e+00 
  0.0000000e+00   0.0000000e+00   0.0000000e+00 
mode:  220 freq= 1410.9300 
  0.0000000e+00   0.0000000e+00   0.0000000e+00 
  0.0000000e+00   0.0000000e+00   0.0000000e+00 
  0.0000000e+00   0.0000000e+00   0.0000000e+00 
mode:  221 freq= 1411.6400 
  0.0000000e+00   0.0000000e+00   0.0000000e+00 
  0.0000000e+00   0.0000000e+00   0.0000000e+00 
  0.0000000e+00   0.0000000e+00   0.0000000e+00 
mode:  222 freq= 1417.4300 
  0.0000000e+00   0.0000000e+00   0.0000000e+00 
  0.0000000e+00   0.0000000e+00   0.0000000e+00 
  0.0000000e+00   0.0000000e+00   0.0000000e+00 
mode:  223 freq= 1428.7500 
  0.0000000e+00   0.0000000e+00   0.0000000e+00 
  0.0000000e+00   0.0000000e+00   0.0000000e+00 
  0.0000000e+00   0.0000000e+00   0.0000000e+00 
mode:  224 freq= 1430.8700 
  0.0000000e+00   0.0000000e+00   0.0000000e+00 
  0.0000000e+00   0.0000000e+00   0.0000000e+00 
  0.0000000e+00   0.0000000e+00   0.0000000e+00 
mode:  225 freq= 1443.2500 
  0.0000000e+00   0.0000000e+00   0.0000000e+00 
  0.0000000e+00   0.0000000e+00   0.0000000e+00 
  0.0000000e+00   0.0000000e+00   0.0000000e+00 
mode:  226 freq= 1459.9300 
  0.0000000e+00   0.0000000e+00   0.0000000e+00 
  0.0000000e+00   0.0000000e+00   0.0000000e+00 
  0.0000000e+00   0.0000000e+00   0.0000000e+00 
mode:  227 freq= 1463.2400 
  0.0000000e+00   0.0000000e+00   0.0000000e+00 
  0.0000000e+00   0.0000000e+00   0.0000000e+00 
  0.0000000e+00   0.0000000e+00   0.0000000e+00 
mode:  228 freq= 1464.2900 
  0.0000000e+00   0.0000000e+00   0.0000000e+00 
  0.0000000e+00   0.0000000e+00   0.0000000e+00 
  0.0000000e+00   0.0000000e+00   0.0000000e+00 
mode:  229 freq= 1468.1900 
  0.0000000e+00   0.0000000e+00   0.0000000e+00 
  0.0000000e+00   0.0000000e+00   0.0000000e+00 
  0.0000000e+00   0.0000000e+00   0.0000000e+00 
mode:  230 freq= 1468.8200 
  0.0000000e+00   0.0000000e+00   0.0000000e+00 
  0.0000000e+00   0.0000000e+00   0.0000000e+00 
  0.0000000e+00   0.0000000e+00   0.0000000e+00 
mode:  231 freq= 1469.0300 
  0.0000000e+00   0.0000000e+00   0.0000000e+00 
  0.0000000e+00   0.0000000e+00   0.0000000e+00 
  0.0000000e+00   0.0000000e+00   0.0000000e+00 
mode:  232 freq= 1472.6100 
  0.0000000e+00   0.0000000e+00   0.0000000e+00 
  0.0000000e+00   0.0000000e+00   0.0000000e+00 
  0.0000000e+00   0.0000000e+00   0.0000000e+00 
mode:  233 freq= 1473.1600 
  0.0000000e+00   0.0000000e+00   0.0000000e+00 
  0.0000000e+00   0.0000000e+00   0.0000000e+00 
  0.0000000e+00   0.0000000e+00   0.0000000e+00 
mode:  234 freq= 1473.8700 
  0.0000000e+00   0.0000000e+00   0.0000000e+00 
  0.0000000e+00   0.0000000e+00   0.0000000e+00 
  0.0000000e+00   0.0000000e+00   0.0000000e+00 
mode:  235 freq= 1474.8600 
  0.0000000e+00   0.0000000e+00   0.0000000e+00 
  0.0000000e+00   0.0000000e+00   0.0000000e+00 
  0.0000000e+00   0.0000000e+00   0.0000000e+00 
mode:  236 freq= 1476.1400 
  0.0000000e+00   0.0000000e+00   0.0000000e+00 
  0.0000000e+00   0.0000000e+00   0.0000000e+00 
  0.0000000e+00   0.0000000e+00   0.0000000e+00 
mode:  237 freq= 1476.8000 
  0.0000000e+00   0.0000000e+00   0.0000000e+00 
  0.0000000e+00   0.0000000e+00   0.0000000e+00 
  0.0000000e+00   0.0000000e+00   0.0000000e+00 
mode:  238 freq= 1477.7400 
  0.0000000e+00   0.0000000e+00   0.0000000e+00 
  0.0000000e+00   0.0000000e+00   0.0000000e+00 
  0.0000000e+00   0.0000000e+00   0.0000000e+00 
mode:  239 freq= 1481.6800 
  0.0000000e+00   0.0000000e+00   0.0000000e+00 
  0.0000000e+00   0.0000000e+00   0.0000000e+00 
  0.0000000e+00   0.0000000e+00   0.0000000e+00 
mode:  240 freq= 1484.1800 
  0.0000000e+00   0.0000000e+00   0.0000000e+00 
  0.0000000e+00   0.0000000e+00   0.0000000e+00 
  0.0000000e+00   0.0000000e+00   0.0000000e+00 
mode:  241 freq= 1485.2900 
  0.0000000e+00   0.0000000e+00   0.0000000e+00 
  0.0000000e+00   0.0000000e+00   0.0000000e+00 
  0.0000000e+00   0.0000000e+00   0.0000000e+00 
mode:  242 freq= 1487.5600 
  0.0000000e+00   0.0000000e+00   0.0000000e+00 
  0.0000000e+00   0.0000000e+00   0.0000000e+00 
  0.0000000e+00   0.0000000e+00   0.0000000e+00 
mode:  243 freq= 1495.4900 
  0.0000000e+00   0.0000000e+00   0.0000000e+00 
  0.0000000e+00   0.0000000e+00   0.0000000e+00 
  0.0000000e+00   0.0000000e+00   0.0000000e+00 
mode:  244 freq= 1495.5900 
  0.0000000e+00   0.0000000e+00   0.0000000e+00 
  0.0000000e+00   0.0000000e+00   0.0000000e+00 
  0.0000000e+00   0.0000000e+00   0.0000000e+00 
mode:  245 freq= 1496.3800 
  0.0000000e+00   0.0000000e+00   0.0000000e+00 
  0.0000000e+00   0.0000000e+00   0.0000000e+00 
  0.0000000e+00   0.0000000e+00   0.0000000e+00 
mode:  246 freq= 1500.0000 
  0.0000000e+00   0.0000000e+00   0.0000000e+00 
  0.0000000e+00   0.0000000e+00   0.0000000e+00 
  0.0000000e+00   0.0000000e+00   0.0000000e+00 
mode:  247 freq= 1502.5300 
  0.0000000e+00   0.0000000e+00   0.0000000e+00 
  0.0000000e+00   0.0000000e+00   0.0000000e+00 
  0.0000000e+00   0.0000000e+00   0.0000000e+00 
mode:  248 freq= 1504.6300 
  0.0000000e+00   0.0000000e+00   0.0000000e+00 
  0.0000000e+00   0.0000000e+00   0.0000000e+00 
  0.0000000e+00   0.0000000e+00   0.0000000e+00 
mode:  249 freq= 1505.2400 
  0.0000000e+00   0.0000000e+00   0.0000000e+00 
  0.0000000e+00   0.0000000e+00   0.0000000e+00 
  0.0000000e+00   0.0000000e+00   0.0000000e+00 
mode:  250 freq= 1506.5000 
  0.0000000e+00   0.0000000e+00   0.0000000e+00 
  0.0000000e+00   0.0000000e+00   0.0000000e+00 
  0.0000000e+00   0.0000000e+00   0.0000000e+00 
mode:  251 freq= 1507.2400 
  0.0000000e+00   0.0000000e+00   0.0000000e+00 
  0.0000000e+00   0.0000000e+00   0.0000000e+00 
  0.0000000e+00   0.0000000e+00   0.0000000e+00 
mode:  252 freq= 1511.1300 
  0.0000000e+00   0.0000000e+00   0.0000000e+00 
  0.0000000e+00   0.0000000e+00   0.0000000e+00 
  0.0000000e+00   0.0000000e+00   0.0000000e+00 
mode:  253 freq= 1511.9500 
  0.0000000e+00   0.0000000e+00   0.0000000e+00 
  0.0000000e+00   0.0000000e+00   0.0000000e+00 
  0.0000000e+00   0.0000000e+00   0.0000000e+00 
mode:  254 freq= 1513.0300 
  0.0000000e+00   0.0000000e+00   0.0000000e+00 
  0.0000000e+00   0.0000000e+00   0.0000000e+00 
  0.0000000e+00   0.0000000e+00   0.0000000e+00 
mode:  255 freq= 1513.6100 
  0.0000000e+00   0.0000000e+00   0.0000000e+00 
  0.0000000e+00   0.0000000e+00   0.0000000e+00 
  0.0000000e+00   0.0000000e+00   0.0000000e+00 
mode:  256 freq= 1515.5400 
  0.0000000e+00   0.0000000e+00   0.0000000e+00 
  0.0000000e+00   0.0000000e+00   0.0000000e+00 
  0.0000000e+00   0.0000000e+00   0.0000000e+00 
mode:  257 freq= 1530.4600 
  0.0000000e+00   0.0000000e+00   0.0000000e+00 
  0.0000000e+00   0.0000000e+00   0.0000000e+00 
  0.0000000e+00   0.0000000e+00   0.0000000e+00 
mode:  258 freq= 1548.5900 
  0.0000000e+00   0.0000000e+00   0.0000000e+00 
  0.0000000e+00   0.0000000e+00   0.0000000e+00 
  0.0000000e+00   0.0000000e+00   0.0000000e+00 
mode:  259 freq= 1555.8400 
  0.0000000e+00   0.0000000e+00   0.0000000e+00 
  0.0000000e+00   0.0000000e+00   0.0000000e+00 
  0.0000000e+00   0.0000000e+00   0.0000000e+00 
mode:  260 freq= 1606.8000 
  0.0000000e+00   0.0000000e+00   0.0000000e+00 
  0.0000000e+00   0.0000000e+00   0.0000000e+00 
  0.0000000e+00   0.0000000e+00   0.0000000e+00 
mode:  261 freq= 1623.3100 
  0.0000000e+00   0.0000000e+00   0.0000000e+00 
  0.0000000e+00   0.0000000e+00   0.0000000e+00 
  0.0000000e+00   0.0000000e+00   0.0000000e+00 
mode:  262 freq= 1637.1500 
  0.0000000e+00   0.0000000e+00   0.0000000e+00 
  0.0000000e+00   0.0000000e+00   0.0000000e+00 
  0.0000000e+00   0.0000000e+00   0.0000000e+00 
mode:  263 freq= 1645.7300 
  0.0000000e+00   0.0000000e+00   0.0000000e+00 
  0.0000000e+00   0.0000000e+00   0.0000000e+00 
  0.0000000e+00   0.0000000e+00   0.0000000e+00 
mode:  264 freq= 1646.9800 
  0.0000000e+00   0.0000000e+00   0.0000000e+00 
  0.0000000e+00   0.0000000e+00   0.0000000e+00 
  0.0000000e+00   0.0000000e+00   0.0000000e+00 
mode:  265 freq= 1650.3200 
  0.0000000e+00   0.0000000e+00   0.0000000e+00 
  0.0000000e+00   0.0000000e+00   0.0000000e+00 
  0.0000000e+00   0.0000000e+00   0.0000000e+00 
mode:  266 freq= 1663.6400 
  0.0000000e+00   0.0000000e+00   0.0000000e+00 
  0.0000000e+00   0.0000000e+00   0.0000000e+00 
  0.0000000e+00   0.0000000e+00   0.0000000e+00 
mode:  267 freq= 1666.7700 
  0.0000000e+00   0.0000000e+00   0.0000000e+00 
  0.0000000e+00   0.0000000e+00   0.0000000e+00 
  0.0000000e+00   0.0000000e+00   0.0000000e+00 
mode:  268 freq= 1668.1700 
  0.0000000e+00   0.0000000e+00   0.0000000e+00 
  0.0000000e+00   0.0000000e+00   0.0000000e+00 
  0.0000000e+00   0.0000000e+00   0.0000000e+00 
mode:  269 freq= 1668.4900 
  0.0000000e+00   0.0000000e+00   0.0000000e+00 
  0.0000000e+00   0.0000000e+00   0.0000000e+00 
  0.0000000e+00   0.0000000e+00   0.0000000e+00 
mode:  270 freq= 1684.5700 
  0.0000000e+00   0.0000000e+00   0.0000000e+00 
  0.0000000e+00   0.0000000e+00   0.0000000e+00 
  0.0000000e+00   0.0000000e+00   0.0000000e+00 
mode:  271 freq= 1699.2700 
  0.0000000e+00   0.0000000e+00   0.0000000e+00 
  0.0000000e+00   0.0000000e+00   0.0000000e+00 
  0.0000000e+00   0.0000000e+00   0.0000000e+00 
mode:  272 freq= 3029.0800 
  0.0000000e+00   0.0000000e+00   0.0000000e+00 
  0.0000000e+00   0.0000000e+00   0.0000000e+00 
  0.0000000e+00   0.0000000e+00   0.0000000e+00 
mode:  273 freq= 3029.1900 
  0.0000000e+00   0.0000000e+00   0.0000000e+00 
  0.0000000e+00   0.0000000e+00   0.0000000e+00 
  0.0000000e+00   0.0000000e+00   0.0000000e+00 
mode:  274 freq= 3045.0000 
  0.0000000e+00   0.0000000e+00   0.0000000e+00 
  0.0000000e+00   0.0000000e+00   0.0000000e+00 
  0.0000000e+00   0.0000000e+00   0.0000000e+00 
mode:  275 freq= 3045.9500 
  0.0000000e+00   0.0000000e+00   0.0000000e+00 
  0.0000000e+00   0.0000000e+00   0.0000000e+00 
  0.0000000e+00   0.0000000e+00   0.0000000e+00 
mode:  276 freq= 3060.6100 
  0.0000000e+00   0.0000000e+00   0.0000000e+00 
  0.0000000e+00   0.0000000e+00   0.0000000e+00 
  0.0000000e+00   0.0000000e+00   0.0000000e+00 
mode:  277 freq= 3061.9300 
  0.0000000e+00   0.0000000e+00   0.0000000e+00 
  0.0000000e+00   0.0000000e+00   0.0000000e+00 
  0.0000000e+00   0.0000000e+00   0.0000000e+00 
mode:  278 freq= 3064.8800 
  0.0000000e+00   0.0000000e+00   0.0000000e+00 
  0.0000000e+00   0.0000000e+00   0.0000000e+00 
  0.0000000e+00   0.0000000e+00   0.0000000e+00 
mode:  279 freq= 3065.9700 
  0.0000000e+00   0.0000000e+00   0.0000000e+00 
  0.0000000e+00   0.0000000e+00   0.0000000e+00 
  0.0000000e+00   0.0000000e+00   0.0000000e+00 
mode:  280 freq= 3071.8200 
  0.0000000e+00   0.0000000e+00   0.0000000e+00 
  0.0000000e+00   0.0000000e+00   0.0000000e+00 
  0.0000000e+00   0.0000000e+00   0.0000000e+00 
mode:  281 freq= 3073.0300 
  0.0000000e+00   0.0000000e+00   0.0000000e+00 
  0.0000000e+00   0.0000000e+00   0.0000000e+00 
  0.0000000e+00   0.0000000e+00   0.0000000e+00 
mode:  282 freq= 3077.1100 
  0.0000000e+00   0.0000000e+00   0.0000000e+00 
  0.0000000e+00   0.0000000e+00   0.0000000e+00 
  0.0000000e+00   0.0000000e+00   0.0000000e+00 
mode:  283 freq= 3077.1600 
  0.0000000e+00   0.0000000e+00   0.0000000e+00 
  0.0000000e+00   0.0000000e+00   0.0000000e+00 
  0.0000000e+00   0.0000000e+00   0.0000000e+00 
mode:  284 freq= 3077.5900 
  0.0000000e+00   0.0000000e+00   0.0000000e+00 
  0.0000000e+00   0.0000000e+00   0.0000000e+00 
  0.0000000e+00   0.0000000e+00   0.0000000e+00 
mode:  285 freq= 3106.5600 
  0.0000000e+00   0.0000000e+00   0.0000000e+00 
  0.0000000e+00   0.0000000e+00   0.0000000e+00 
  0.0000000e+00   0.0000000e+00   0.0000000e+00 
mode:  286 freq= 3108.4100 
  0.0000000e+00   0.0000000e+00   0.0000000e+00 
  0.0000000e+00   0.0000000e+00   0.0000000e+00 
  0.0000000e+00   0.0000000e+00   0.0000000e+00 
mode:  287 freq= 3109.5600 
  0.0000000e+00   0.0000000e+00   0.0000000e+00 
  0.0000000e+00   0.0000000e+00   0.0000000e+00 
  0.0000000e+00   0.0000000e+00   0.0000000e+00 
mode:  288 freq= 3110.6700 
  0.0000000e+00   0.0000000e+00   0.0000000e+00 
  0.0000000e+00   0.0000000e+00   0.0000000e+00 
  0.0000000e+00   0.0000000e+00   0.0000000e+00 
mode:  289 freq= 3133.8100 
  0.0000000e+00   0.0000000e+00   0.0000000e+00 
  0.0000000e+00   0.0000000e+00   0.0000000e+00 
  0.0000000e+00   0.0000000e+00   0.0000000e+00 
mode:  290 freq= 3135.1600 
  0.0000000e+00   0.0000000e+00   0.0000000e+00 
  0.0000000e+00   0.0000000e+00   0.0000000e+00 
  0.0000000e+00   0.0000000e+00   0.0000000e+00 
mode:  291 freq= 3140.0200 
  0.0000000e+00   0.0000000e+00   0.0000000e+00 
  0.0000000e+00   0.0000000e+00   0.0000000e+00 
  0.0000000e+00   0.0000000e+00   0.0000000e+00 
mode:  292 freq= 3140.1800 
  0.0000000e+00   0.0000000e+00   0.0000000e+00 
  0.0000000e+00   0.0000000e+00   0.0000000e+00 
  0.0000000e+00   0.0000000e+00   0.0000000e+00 
mode:  293 freq= 3142.4700 
  0.0000000e+00   0.0000000e+00   0.0000000e+00 
  0.0000000e+00   0.0000000e+00   0.0000000e+00 
  0.0000000e+00   0.0000000e+00   0.0000000e+00 
mode:  294 freq= 3143.1100 
  0.0000000e+00   0.0000000e+00   0.0000000e+00 
  0.0000000e+00   0.0000000e+00   0.0000000e+00 
  0.0000000e+00   0.0000000e+00   0.0000000e+00 
mode:  295 freq= 3143.4200 
  0.0000000e+00   0.0000000e+00   0.0000000e+00 
  0.0000000e+00   0.0000000e+00   0.0000000e+00 
  0.0000000e+00   0.0000000e+00   0.0000000e+00 
mode:  296 freq= 3144.2800 
  0.0000000e+00   0.0000000e+00   0.0000000e+00 
  0.0000000e+00   0.0000000e+00   0.0000000e+00 
  0.0000000e+00   0.0000000e+00   0.0000000e+00 
mode:  297 freq= 3148.1200 
  0.0000000e+00   0.0000000e+00   0.0000000e+00 
  0.0000000e+00   0.0000000e+00   0.0000000e+00 
  0.0000000e+00   0.0000000e+00   0.0000000e+00 
mode:  298 freq= 3148.3000 
  0.0000000e+00   0.0000000e+00   0.0000000e+00 
  0.0000000e+00   0.0000000e+00   0.0000000e+00 
  0.0000000e+00   0.0000000e+00   0.0000000e+00 
mode:  299 freq= 3153.3700 
  0.0000000e+00   0.0000000e+00   0.0000000e+00 
  0.0000000e+00   0.0000000e+00   0.0000000e+00 
  0.0000000e+00   0.0000000e+00   0.0000000e+00 
mode:  300 freq= 3157.9700 
  0.0000000e+00   0.0000000e+00   0.0000000e+00 
  0.0000000e+00   0.0000000e+00   0.0000000e+00 
  0.0000000e+00   0.0000000e+00   0.0000000e+00 
mode:  301 freq= 3161.6700 
  0.0000000e+00   0.0000000e+00   0.0000000e+00 
  0.0000000e+00   0.0000000e+00   0.0000000e+00 
  0.0000000e+00   0.0000000e+00   0.0000000e+00 
mode:  302 freq= 3162.4300 
  0.0000000e+00   0.0000000e+00   0.0000000e+00 
  0.0000000e+00   0.0000000e+00   0.0000000e+00 
  0.0000000e+00   0.0000000e+00   0.0000000e+00 
mode:  303 freq= 3164.5300 
  0.0000000e+00   0.0000000e+00   0.0000000e+00 
  0.0000000e+00   0.0000000e+00   0.0000000e+00 
  0.0000000e+00   0.0000000e+00   0.0000000e+00 
mode:  304 freq= 3172.9200 
  0.0000000e+00   0.0000000e+00   0.0000000e+00 
  0.0000000e+00   0.0000000e+00   0.0000000e+00 
  0.0000000e+00   0.0000000e+00   0.0000000e+00 
mode:  305 freq= 3173.6000 
  0.0000000e+00   0.0000000e+00   0.0000000e+00 
  0.0000000e+00   0.0000000e+00   0.0000000e+00 
  0.0000000e+00   0.0000000e+00   0.0000000e+00 
mode:  306 freq= 3196.1500 
  0.0000000e+00   0.0000000e+00   0.0000000e+00 
  0.0000000e+00   0.0000000e+00   0.0000000e+00 
  0.0000000e+00   0.0000000e+00   0.0000000e+00 
mode:  307 freq= 3201.8900 
  0.0000000e+00   0.0000000e+00   0.0000000e+00 
  0.0000000e+00   0.0000000e+00   0.0000000e+00 
  0.0000000e+00   0.0000000e+00   0.0000000e+00 
mode:  308 freq= 3208.6600 
  0.0000000e+00   0.0000000e+00   0.0000000e+00 
  0.0000000e+00   0.0000000e+00   0.0000000e+00 
  0.0000000e+00   0.0000000e+00   0.0000000e+00 
mode:  309 freq= 3209.2500 
  0.0000000e+00   0.0000000e+00   0.0000000e+00 
  0.0000000e+00   0.0000000e+00   0.0000000e+00 
  0.0000000e+00   0.0000000e+00   0.0000000e+00 
mode:  310 freq= 3209.3200 
  0.0000000e+00   0.0000000e+00   0.0000000e+00 
  0.0000000e+00   0.0000000e+00   0.0000000e+00 
  0.0000000e+00   0.0000000e+00   0.0000000e+00 
mode:  311 freq= 3211.6700 
  0.0000000e+00   0.0000000e+00   0.0000000e+00 
  0.0000000e+00   0.0000000e+00   0.0000000e+00 
  0.0000000e+00   0.0000000e+00   0.0000000e+00 
mode:  312 freq= 3212.7300 
  0.0000000e+00   0.0000000e+00   0.0000000e+00 
  0.0000000e+00   0.0000000e+00   0.0000000e+00 
  0.0000000e+00   0.0000000e+00   0.0000000e+00 
mode:  313 freq= 3213.7400 
  0.0000000e+00   0.0000000e+00   0.0000000e+00 
  0.0000000e+00   0.0000000e+00   0.0000000e+00 
  0.0000000e+00   0.0000000e+00   0.0000000e+00 
mode:  314 freq= 3218.6700 
  0.0000000e+00   0.0000000e+00   0.0000000e+00 
  0.0000000e+00   0.0000000e+00   0.0000000e+00 
  0.0000000e+00   0.0000000e+00   0.0000000e+00 
mode:  315 freq= 3219.0800 
  0.0000000e+00   0.0000000e+00   0.0000000e+00 
  0.0000000e+00   0.0000000e+00   0.0000000e+00 
  0.0000000e+00   0.0000000e+00   0.0000000e+00 
mode:  316 freq= 3219.1300 
  0.0000000e+00   0.0000000e+00   0.0000000e+00 
  0.0000000e+00   0.0000000e+00   0.0000000e+00 
  0.0000000e+00   0.0000000e+00   0.0000000e+00 
mode:  317 freq= 3222.3300 
  0.0000000e+00   0.0000000e+00   0.0000000e+00 
  0.0000000e+00   0.0000000e+00   0.0000000e+00 
  0.0000000e+00   0.0000000e+00   0.0000000e+00 
mode:  318 freq= 3226.6500 
  0.0000000e+00   0.0000000e+00   0.0000000e+00 
  0.0000000e+00   0.0000000e+00   0.0000000e+00 
  0.0000000e+00   0.0000000e+00   0.0000000e+00 
mode:  319 freq= 3226.9000 
  0.0000000e+00   0.0000000e+00   0.0000000e+00 
  0.0000000e+00   0.0000000e+00   0.0000000e+00 
  0.0000000e+00   0.0000000e+00   0.0000000e+00 
mode:  320 freq= 3227.8700 
  0.0000000e+00   0.0000000e+00   0.0000000e+00 
  0.0000000e+00   0.0000000e+00   0.0000000e+00 
  0.0000000e+00   0.0000000e+00   0.0000000e+00 
mode:  321 freq= 3230.8000 
  0.0000000e+00   0.0000000e+00   0.0000000e+00 
  0.0000000e+00   0.0000000e+00   0.0000000e+00 
  0.0000000e+00   0.0000000e+00   0.0000000e+00 
mode:  322 freq= 3234.6600 
  0.0000000e+00   0.0000000e+00   0.0000000e+00 
  0.0000000e+00   0.0000000e+00   0.0000000e+00 
  0.0000000e+00   0.0000000e+00   0.0000000e+00 
mode:  323 freq= 3241.9400 
  0.0000000e+00   0.0000000e+00   0.0000000e+00 
  0.0000000e+00   0.0000000e+00   0.0000000e+00 
  0.0000000e+00   0.0000000e+00   0.0000000e+00 
