unit: cm^{-1}, only max(dg)>1.000e-04 are saved; dg/dQ_alpha * Q_alpha 
mode:    6 freq=   12.9000 
 -7.2056733e-04  -2.7461724e-03  -1.1417909e-03 
 -2.2832854e-03  -2.2140116e-03   7.9574871e-05 
 -1.1374224e-03   1.6271140e-04  -2.1252059e-03 
mode:    7 freq=   20.8400 
 -7.5151443e-04  -1.1973491e-03   1.5403030e-03 
 -1.1399529e-03   1.6355456e-03  -6.9000715e-04 
  1.5287362e-03  -5.7136716e-04   1.7640894e-03 
mode:    8 freq=   27.3700 
  5.0834862e-04  -4.9756639e-04  -1.2378744e-03 
 -3.5716393e-04  -1.2068568e-03   1.0957712e-04 
 -1.4156866e-03   9.5960756e-05  -7.8618835e-04 
mode:    9 freq=   35.1300 
 -1.1852573e-05   4.9709218e-04   1.0089145e-03 
  4.1239358e-04   1.1747534e-04  -5.1670514e-04 
  1.0984469e-03  -6.0662977e-04   1.9199567e-03 
mode:   10 freq=   38.3400 
 -1.8460591e-03   5.1249496e-04   2.8019477e-03 
  4.3655968e-04  -2.8201298e-04   2.4525155e-04 
  2.7060509e-03   1.5157248e-04   1.3418560e-03 
mode:   11 freq=   43.3700 
 -1.8210343e-03  -5.1886884e-04   2.7186203e-03 
 -5.3674923e-04   1.5661990e-03  -4.2118579e-04 
  2.4135302e-03  -4.4452825e-04   1.8157179e-03 
mode:   12 freq=   45.4600 
 -6.9248473e-04  -7.9630751e-04  -2.3883967e-04 
 -7.4950597e-04  -1.4280188e-03   1.3625685e-04 
 -3.0211107e-05   9.5291530e-05  -6.9237969e-04 
mode:   13 freq=   48.8500 
  1.1713059e-03  -7.2774394e-04  -1.1650947e-03 
 -6.1581114e-04   2.6633840e-03  -8.3159952e-04 
 -1.0625080e-03  -9.0792474e-04   2.7944119e-04 
mode:   14 freq=   55.0900 
  1.1697331e-03   4.4183866e-04  -9.6452616e-04 
  4.4674851e-04   1.8271572e-03  -2.0289897e-04 
 -8.3835502e-04  -2.8295396e-04   3.9530280e-04 
mode:   15 freq=   62.4100 
 -1.6149606e-03   1.1932269e-04   9.7114275e-04 
 -2.4126149e-05  -2.3830439e-03   6.9641608e-04 
  9.5513647e-04   8.7557599e-04  -1.2849866e-03 
mode:   16 freq=   66.0600 
  1.8155040e-03  -6.4071429e-05  -1.1482401e-03 
 -1.4194897e-04   3.5102918e-03  -1.0838778e-03 
 -1.2198336e-03  -1.0950408e-03   1.0854969e-03 
mode:   17 freq=   69.6900 
  2.8518580e-03  -1.3959627e-04  -3.6577547e-03 
 -1.6928466e-04   1.2168063e-03  -4.5034578e-05 
 -3.4604350e-03   9.9155034e-05  -1.6040339e-03 
mode:   18 freq=   75.3700 
  1.4706302e-03   1.5526213e-04  -1.2828808e-03 
  9.9822197e-05   1.5126688e-03  -2.6890563e-04 
 -1.2818190e-03  -3.2318714e-04   3.7170426e-04 
mode:   19 freq=   85.0800 
 -2.0251646e-03  -6.9438515e-04   1.0681112e-03 
 -8.0355698e-04  -2.8103788e-03   1.0855622e-03 
  1.0986909e-03   8.9397398e-04  -1.4435486e-03 
mode:   20 freq=   94.8600 
  1.8834593e-03   2.3451779e-04  -1.5524722e-03 
  1.0051518e-04   1.8561708e-03  -7.4298522e-04 
 -1.4926752e-03  -8.2364217e-04   6.7254493e-04 
mode:   21 freq=   98.8200 
 -1.5191292e-04   3.5376700e-04   4.1136861e-05 
  6.3472509e-05  -6.9805032e-04  -1.3960352e-04 
 -1.6099605e-05  -3.3948338e-04   2.7037287e-04 
mode:   22 freq=  103.9100 
 -1.6076112e-03   4.1451720e-04   2.2667640e-03 
  1.9454185e-04  -1.3506500e-03  -6.5114628e-05 
  2.0196759e-03  -2.8155392e-04   1.4378897e-03 
mode:   23 freq=  107.0900 
  1.0588214e-03   1.3263855e-04  -8.4921576e-04 
  2.8872296e-04   1.2124964e-03   2.0795005e-04 
 -8.0841669e-04   2.1303092e-04  -4.7436553e-04 
mode:   24 freq=  116.6600 
 -1.6991753e-05  -6.0008434e-04  -5.8604998e-04 
 -6.5488270e-04  -7.8813889e-04   3.2802195e-04 
 -6.2567462e-04   3.5225527e-04  -1.1731434e-03 
mode:   25 freq=  128.8400 
 -9.3021776e-04  -4.5010304e-04   2.6873493e-04 
 -4.3380736e-04  -3.4088499e-03   1.3796877e-04 
  8.8641729e-07   1.0690401e-04  -3.1129694e-04 
mode:   26 freq=  135.5700 
  8.4023514e-04  -5.3232163e-04  -5.8280934e-04 
 -3.8946374e-04   2.2360175e-03   7.0225846e-05 
 -3.9216399e-04   1.0131308e-04  -8.3652211e-05 
mode:   27 freq=  146.6000 
 -6.1564995e-04   6.4577263e-05   3.1302377e-04 
  9.1265074e-05  -1.2898138e-03   2.2593369e-05 
  2.8963543e-04   4.9911793e-05   1.4017453e-04 
mode:   28 freq=  151.0600 
  8.9789486e-04   6.4248534e-05  -9.9816885e-04 
  1.4877656e-04  -9.6960106e-04  -3.7079321e-04 
 -1.0505625e-03  -2.6616268e-04   9.0875071e-05 
mode:   29 freq=  167.8700 
 -1.0820867e-03  -7.2348876e-04   7.8823922e-04 
 -6.7413143e-04  -5.7195720e-04   4.8419766e-04 
  7.5540619e-04   5.0276745e-04  -5.5741812e-04 
mode:   30 freq=  174.9500 
 -6.8600700e-05  -3.8586712e-04  -5.6090060e-04 
 -3.5631996e-04  -1.2382477e-03   2.3233147e-04 
 -4.1727542e-04   1.6613010e-04  -6.7088211e-04 
mode:   31 freq=  183.0900 
 -4.5077781e-04  -4.8849117e-04   5.7674934e-04 
 -5.1778063e-04   6.4711923e-04  -1.7340591e-04 
  6.4270249e-04  -2.4239419e-04   5.4580515e-04 
mode:   32 freq=  183.8800 
 -4.8537121e-04  -4.0610711e-04   6.4498722e-05 
 -2.6815193e-04  -2.9944876e-04   2.4084204e-04 
  6.2388164e-05   2.1271944e-04  -3.9593145e-04 
mode:   33 freq=  184.5000 
  1.3735700e-04   2.8426903e-04   6.1928541e-04 
  2.5715246e-04   9.4938697e-04  -5.0815999e-04 
  6.3566864e-04  -5.3494014e-04   1.3640427e-03 
mode:   34 freq=  191.5800 
 -1.4258290e-03  -7.5609185e-04   1.4715697e-03 
 -7.7920711e-04  -1.2882508e-04  -5.1791843e-05 
  1.4863183e-03  -7.5361328e-05   6.1997217e-04 
mode:   35 freq=  196.1400 
 -1.4531350e-03  -4.4056817e-04   1.2366741e-03 
 -3.6670763e-04  -8.3665450e-04   4.1630433e-04 
  1.1986678e-03   4.6446772e-04  -5.5502353e-05 
mode:   36 freq=  200.6000 
 -3.5893665e-04  -1.8056036e-03  -5.2639671e-04 
 -1.8731946e-03  -1.1928292e-03   6.3197452e-04 
 -7.1938935e-04   1.9622669e-04  -9.3473863e-04 
mode:   37 freq=  208.6100 
 -1.3394634e-03  -1.1603048e-03   9.9341791e-04 
 -1.2023731e-03  -6.0258942e-04   2.2743421e-04 
  9.6036111e-04   9.1918140e-05  -5.0973828e-07 
mode:   38 freq=  219.8700 
 -2.5352755e-03  -6.9898077e-04   2.6399880e-03 
 -5.5121070e-04  -3.9727882e-04   7.2909644e-05 
  2.6113454e-03   3.2360319e-04   7.8573212e-04 
mode:   39 freq=  225.5300 
 -3.0744090e-05   1.6675125e-03   2.2239115e-03 
  1.4245672e-03   1.4363278e-03  -5.4893331e-04 
  2.2026715e-03  -4.0586179e-04   2.7614014e-03 
mode:   40 freq=  230.7400 
 -2.9515160e-03  -1.2582338e-03   2.9759422e-03 
 -1.3599689e-03  -7.5419087e-04   1.9392547e-04 
  2.9127842e-03   2.6340211e-04   6.3885534e-04 
mode:   41 freq=  241.8900 
 -8.5284391e-04  -5.8112138e-04   3.2061719e-04 
 -4.4573758e-04  -6.9517094e-04   3.2271676e-04 
  3.1338968e-04   3.0474229e-04  -3.9806806e-04 
mode:   42 freq=  244.6500 
  4.9687110e-04  -3.3101290e-04  -1.0957066e-04 
 -2.7861319e-04   1.5655088e-03  -2.9487134e-04 
 -2.3489955e-06  -2.1504933e-04   2.6053983e-04 
mode:   43 freq=  245.4100 
 -1.3174122e-03   1.2384007e-03   1.4439272e-03 
  1.1303314e-03  -2.2895484e-03   3.4320783e-04 
  1.3747489e-03   1.2782263e-04   4.9132846e-04 
mode:   44 freq=  248.0500 
 -6.3857396e-04  -6.4744587e-05   7.6259503e-04 
 -1.4194225e-04   1.9065684e-04   1.5100273e-04 
  7.0586677e-04   1.9962902e-04   6.1102476e-06 
mode:   45 freq=  250.2800 
  3.1054930e-04  -4.3590720e-04  -2.6190564e-04 
 -3.3489855e-04   5.5822643e-04  -2.0677434e-04 
 -1.8333531e-04  -2.0924360e-04   5.3760722e-06 
mode:   46 freq=  254.6200 
 -1.7176546e-03   2.1883830e-03   2.1468376e-03 
  1.9165864e-03  -3.3410437e-03   3.4640535e-04 
  2.0149578e-03  -9.6113373e-06   1.4113525e-03 
mode:   47 freq=  262.6800 
 -3.6276919e-04  -5.3033686e-04   7.3356335e-04 
 -5.1176003e-04   1.6645245e-03  -3.7704667e-04 
  7.1524716e-04  -3.5050677e-04   3.1444815e-04 
mode:   48 freq=  265.1000 
  1.0329291e-04   1.1962441e-03   9.1935247e-04 
  9.6659377e-04   7.9384374e-04  -1.9520866e-04 
  1.0572513e-03  -4.5917197e-04   1.8229872e-03 
mode:   49 freq=  268.4100 
 -1.6980433e-03   2.1122704e-03   2.1682550e-03 
  1.8122003e-03  -3.0815871e-03   3.1260804e-04 
  2.0766996e-03  -4.0940883e-05   1.5594085e-03 
mode:   50 freq=  276.0700 
 -4.4834286e-04  -1.8033057e-03   3.9088214e-04 
 -1.7643470e-03   2.4001788e-03  -5.4227359e-04 
  5.5262630e-04  -3.5137452e-04   9.7255155e-05 
mode:   51 freq=  278.2400 
  4.4916172e-04   2.8401113e-04   5.8906131e-04 
  1.8136209e-04   2.5914392e-03  -6.3281041e-04 
  7.4511567e-04  -6.3451622e-04   1.3902449e-03 
mode:   52 freq=  283.6500 
 -1.1948915e-03   3.0142028e-03   1.5649514e-03 
  2.7913794e-03  -4.4764051e-03   5.8495059e-04 
  1.2946488e-03   1.2488084e-04   1.0305583e-03 
mode:   53 freq=  296.0600 
 -7.8106330e-05   2.9506354e-04   1.0874108e-03 
  1.9160422e-04   2.5321070e-03  -5.6680866e-04 
  1.0757480e-03  -5.7594519e-04   1.1246547e-03 
mode:   54 freq=  298.6600 
 -2.1996444e-05   5.0295238e-05   6.7171527e-04 
 -3.0769001e-05   1.3446966e-03  -2.1120907e-04 
  8.4061138e-04  -3.0049822e-04   9.9691612e-04 
mode:   55 freq=  305.8200 
 -1.8498026e-03   6.6890396e-04   1.3606238e-03 
  5.7359455e-04  -3.5532119e-03   3.5502495e-04 
  1.3075536e-03   8.3372605e-05   4.2337769e-04 
mode:   56 freq=  309.3200 
 -2.3774455e-05   1.8334472e-04   6.8940480e-04 
  1.6801178e-04   1.5450254e-03  -3.6806818e-04 
  5.9375685e-04  -3.4435479e-04   4.5605611e-04 
mode:   57 freq=  315.9000 
  4.3642478e-04  -4.2992029e-04  -1.9503845e-04 
 -3.7130734e-04   1.1519436e-03  -3.8000514e-04 
 -9.3418050e-05  -4.0962553e-04   2.1432432e-04 
mode:   58 freq=  320.6100 
 -1.3608872e-03   1.7858497e-03   1.6464380e-03 
  1.6409351e-03  -2.8103018e-03   7.2282540e-04 
  1.5419164e-03   5.8285618e-04   1.3705975e-04 
mode:   59 freq=  322.6100 
 -5.9636344e-04  -4.0479828e-04   6.7228768e-04 
 -4.3627896e-04   4.3049093e-04  -5.9519573e-05 
  5.8829146e-04  -9.7391352e-05   1.9284461e-04 
mode:   60 freq=  327.5100 
  8.8565922e-04  -3.4906268e-04  -4.6533316e-04 
 -2.6836597e-04   1.5966514e-03  -4.8753572e-04 
 -3.9321072e-04  -5.1439380e-04   2.5538253e-04 
mode:   61 freq=  336.6300 
  9.4171210e-05   2.5361214e-03   1.1108371e-03 
  2.4388109e-03  -5.9552805e-04   1.5191220e-04 
  9.2954479e-04  -3.0012816e-06   9.6644683e-04 
mode:   62 freq=  341.6300 
 -1.1773330e-03  -1.2943756e-04   1.2830557e-03 
 -2.2190949e-04   3.1812530e-04  -5.8174395e-05 
  1.2420951e-03  -1.0753339e-04   6.4357870e-04 
mode:   63 freq=  345.7400 
  1.5945414e-03   1.2272012e-04  -5.6266420e-04 
  1.9441263e-04   3.0219414e-03  -8.4939131e-04 
 -5.0854193e-04  -8.5404744e-04   9.7942103e-04 
mode:   64 freq=  369.9200 
 -2.2902625e-03   1.9095474e-03   2.4597950e-03 
  1.7124443e-03  -3.7556674e-03   9.7075357e-04 
  2.4114928e-03   7.7331678e-04   2.3969681e-04 
mode:   65 freq=  377.2400 
 -1.3660192e-04   2.0726481e-04   8.2075551e-04 
  1.5705565e-04   1.3778942e-03  -2.9979761e-04 
  7.3412344e-04  -3.5053585e-04   8.9328963e-04 
mode:   66 freq=  378.2600 
 -7.3598166e-04  -5.7033853e-04   7.0554620e-04 
 -5.7674543e-04  -4.2404652e-05  -1.1649056e-04 
  8.7868895e-04  -1.3780392e-04   3.1560308e-04 
mode:   67 freq=  381.0800 
 -1.3913202e-03   1.6106089e-03   1.6504972e-03 
  1.4685132e-03  -2.6027727e-03   6.4507223e-04 
  1.5664491e-03   5.1680217e-04   2.3400281e-04 
mode:   68 freq=  402.6300 
  1.3737689e-04  -1.1685955e-04   5.6676015e-04 
 -1.6852140e-04   2.4290468e-03  -7.9710649e-04 
  4.8267079e-04  -7.9263025e-04   1.4649705e-03 
mode:   69 freq=  411.5400 
  9.1919706e-04  -1.1878306e-03  -6.4179507e-04 
 -9.9001260e-04   2.5508841e-03  -4.2767435e-04 
 -5.3326978e-04  -2.5726950e-04  -2.0528440e-04 
mode:   70 freq=  413.2400 
 -9.7093155e-04   1.0666885e-03   1.2990619e-03 
  9.8053846e-04  -1.4370616e-03   2.2286266e-04 
  1.2704298e-03   9.5090460e-05   6.1637753e-04 
mode:   71 freq=  416.6300 
 -1.1010915e-03   8.7257111e-04   1.4393117e-03 
  7.8062261e-04  -1.0342143e-03   3.6131568e-04 
  1.3167152e-03   3.1936403e-04   1.7273276e-04 
mode:   72 freq=  417.5300 
  1.6632502e-03  -1.2808090e-03  -1.4017794e-03 
 -1.0639406e-03   3.2481320e-03  -4.6019154e-04 
 -1.3339638e-03  -2.4814779e-04  -4.5925000e-04 
mode:   73 freq=  425.9800 
 -5.9997865e-04   3.5611003e-04   5.0106927e-04 
  3.3923389e-04  -1.2121597e-03   1.4926353e-05 
  4.4845859e-04  -1.6112264e-04   2.6545046e-04 
mode:   74 freq=  444.1900 
 -1.3928368e-03   1.2454001e-03   1.9441239e-03 
  1.1133012e-03  -1.2548146e-03   4.7498882e-04 
  1.8461037e-03   4.5985604e-04   3.8230214e-04 
mode:   75 freq=  447.6600 
  6.7104844e-04  -1.3645759e-03  -3.0306683e-04 
 -1.1890599e-03   2.9691863e-03  -4.0817156e-04 
 -1.1751677e-04  -1.4068752e-04  -1.8704141e-04 
mode:   76 freq=  455.2200 
 -1.5749948e-03   1.6353958e-03   1.5978190e-03 
  1.4919733e-03  -3.2016007e-03   6.0355097e-04 
  1.5294938e-03   4.8047088e-04   2.2014570e-04 
mode:   77 freq=  457.0900 
 -1.6217340e-03   9.6616740e-04   1.8906751e-03 
  8.2923270e-04  -1.4897632e-03   5.6373153e-04 
  1.8309869e-03   6.2470971e-04  -1.5654226e-05 
mode:   78 freq=  466.1100 
  7.5314718e-04  -1.3912764e-03  -6.1782641e-04 
 -1.1800428e-03   2.3517826e-03  -3.4573963e-04 
 -5.0263847e-04  -1.6110185e-04  -4.3756177e-04 
mode:   79 freq=  474.2100 
 -6.3341790e-04   4.2029453e-04   5.3756551e-04 
  4.7322643e-04  -1.3014866e-03   3.2921691e-04 
  4.9846466e-04   3.8336361e-04  -3.5474144e-04 
mode:   80 freq=  476.3600 
 -5.4554329e-04   1.2159672e-03   9.5459466e-04 
  1.1383636e-03  -7.8519930e-04   2.6670056e-04 
  7.9856513e-04   2.7483210e-04   2.4022133e-04 
mode:   81 freq=  483.8000 
 -3.3194446e-04   3.7884491e-05   5.1252861e-04 
  3.5317625e-05  -3.3494837e-04   7.5819901e-05 
  5.3498526e-04   9.6445226e-05   3.6699837e-04 
mode:   82 freq=  492.2700 
  1.5003923e-04  -1.9724718e-04  -7.2609921e-05 
 -1.7900796e-04   5.2240945e-04  -2.5902491e-04 
 -8.6329666e-05  -3.0204620e-04   2.9844941e-04 
mode:   83 freq=  495.4600 
 -8.2598975e-04   1.1905168e-04   1.0717216e-03 
  5.4019804e-05  -3.8495425e-05  -8.2477408e-05 
  9.6644409e-04  -1.0147062e-04   5.2296428e-04 
mode:   84 freq=  509.9800 
 -1.1739118e-04  -3.6224092e-05   5.4598282e-04 
  9.3788248e-05   2.4006859e-04  -1.7005833e-04 
  6.0478873e-04  -2.8446976e-04   1.1326656e-03 
mode:   85 freq=  512.6500 
  7.2183160e-06  -8.6802601e-05  -4.1535637e-05 
 -1.5982691e-04   1.6662643e-04  -8.6147678e-05 
 -8.5604631e-05  -4.4864343e-05  -1.6808702e-04 
mode:   86 freq=  528.5000 
 -7.0779130e-04   1.2397743e-03   2.2781068e-03 
  1.2477280e-03   8.8765823e-04  -1.0455861e-04 
  2.0520664e-03  -2.4654431e-04   1.9070721e-03 
mode:   87 freq=  530.2600 
 -2.6627687e-04  -4.2373665e-04   3.8205010e-05 
 -3.4027461e-04  -8.0667233e-04   2.6875587e-04 
  9.6472989e-05   3.0925777e-04  -1.0340552e-04 
mode:   88 freq=  541.7900 
 -3.1067517e-05  -1.1667013e-03  -9.3355763e-04 
 -1.0957832e-03  -1.6850861e-04  -3.2683172e-04 
 -8.9200568e-04  -4.3118535e-04  -5.2186881e-04 
mode:   89 freq=  560.7800 
 -6.3162570e-04  -1.1116478e-04   7.4447674e-04 
 -7.0488618e-05  -4.6420480e-04   2.5946536e-04 
  6.6976949e-04   2.9792314e-04   1.7985286e-04 
mode:   90 freq=  567.7700 
 -2.0946846e-04   1.3445538e-04   3.0986197e-04 
  1.1299526e-04  -5.3640553e-04   1.9306489e-04 
  3.5148736e-04   2.6240991e-04   2.4701916e-05 
mode:   91 freq=  572.8800 
  4.4131137e-04  -3.1448944e-04  -5.7709073e-04 
 -2.9555147e-04   6.4159097e-04  -1.3085958e-04 
 -5.2866778e-04  -1.7665395e-04  -1.5619773e-04 
mode:   92 freq=  576.9700 
 -2.7271856e-04  -1.7384769e-04   2.8105507e-04 
 -2.0511818e-04   4.5231278e-04  -1.5833120e-04 
  2.8415320e-04  -1.6925248e-04   3.2612718e-04 
mode:   93 freq=  580.2100 
 -1.1151266e-04  -5.8826376e-04  -4.7119460e-04 
 -4.3002780e-04  -4.5116896e-04  -1.7082887e-04 
 -4.8448601e-04  -1.6165313e-04  -3.3613976e-04 
mode:   94 freq=  592.5100 
  6.4017925e-04  -1.3831256e-04  -7.8618539e-04 
 -1.3843447e-04   5.7778916e-04  -1.2742405e-04 
 -7.0226177e-04  -6.8353627e-05  -3.0909857e-04 
mode:   95 freq=  598.8700 
  6.5239992e-04   3.2768721e-04  -5.9381097e-04 
  2.0011611e-04   7.4403751e-04   5.9363269e-06 
 -5.2664779e-04   2.5173517e-05  -1.8397139e-04 
mode:   96 freq=  614.1900 
 -7.8163333e-05   2.1530658e-04   1.0294473e-04 
  2.7055599e-04  -1.9559555e-04  -1.0430831e-04 
 -5.3295652e-06  -1.5425886e-04   2.5670760e-04 
mode:   97 freq=  630.9600 
  1.0687818e-03  -1.4380521e-04  -1.1984405e-03 
 -1.5032311e-04   1.0034357e-03  -2.0802041e-04 
 -1.0965160e-03  -1.3370355e-04  -4.3296781e-04 
mode:   98 freq=  639.7300 
  4.5088370e-04  -2.9511164e-04  -7.6592200e-04 
 -3.1982749e-04   3.8921905e-04   6.6394811e-05 
 -6.3888628e-04   1.3935391e-04  -5.7236298e-04 
mode:   99 freq=  656.3400 
 -1.4877595e-04   8.3713667e-04   9.2898304e-04 
  7.7157250e-04   8.4418451e-04  -1.1899446e-04 
  7.2292950e-04  -2.4916694e-04   1.0362685e-03 
mode:  100 freq=  657.9800 
  1.4175577e-03  -4.1054013e-04  -1.4083204e-03 
 -3.3208171e-04   1.9283514e-03  -2.5595373e-04 
 -1.2462818e-03  -8.1414585e-05  -4.7937827e-04 
mode:  101 freq=  661.1100 
  1.0394862e-03  -6.6489539e-04  -1.3760011e-03 
 -5.9219847e-04   1.2380975e-03   4.4134332e-05 
 -1.1445626e-03   9.1087149e-05  -7.3444020e-04 
mode:  102 freq=  674.0100 
  1.9250200e-04   3.5076713e-04  -5.1952229e-05 
  4.5027310e-04  -2.3472036e-04  -1.1787912e-04 
 -1.3399764e-04  -1.5334256e-04   3.2500825e-04 
mode:  103 freq=  710.6400 
  9.6364883e-04  -7.4356191e-05  -1.0876300e-03 
 -8.6082222e-05   9.7176954e-04  -2.3445881e-04 
 -1.0138413e-03  -1.9575257e-04  -3.6268513e-04 
mode:  104 freq=  720.8500 
 -4.0482521e-04  -3.3799516e-04   2.3786967e-04 
 -4.5205019e-04  -1.4940080e-04   7.8347483e-05 
  2.0643013e-04   8.8638588e-05  -2.4415204e-04 
mode:  105 freq=  728.6800 
  4.7860578e-04   1.0904818e-03   4.9870709e-05 
  1.0498754e-03   1.7601235e-04  -1.6817654e-04 
  1.3565823e-05  -2.8380810e-04   8.6205141e-04 
mode:  106 freq=  733.1500 
  8.4161283e-04  -1.7939221e-04  -1.2684494e-03 
 -2.3219445e-04   1.5874397e-04   1.0179122e-04 
 -1.0936446e-03   1.1692510e-04  -8.0071994e-04 
mode:  107 freq=  746.2800 
 -4.5973853e-04  -3.1125148e-04   9.8204625e-05 
 -5.8586204e-04  -4.3338294e-04   7.7834087e-05 
  1.1596516e-04   3.6208232e-06  -3.3998447e-04 
mode:  108 freq=  753.3600 
  4.3852670e-04   3.2107744e-05  -4.6014681e-04 
  1.4703451e-04   1.2217446e-04  -9.3412782e-05 
 -3.7492252e-04  -9.3567619e-05   6.6750419e-05 
mode:  109 freq=  759.9500 
  6.8978970e-04  -2.9078187e-05  -6.8767245e-04 
 -1.4773439e-05   9.0319229e-04  -1.7030507e-04 
 -6.1776385e-04  -1.6516599e-04  -8.7211788e-05 
mode:  110 freq=  770.0600 
 -6.9934952e-04  -1.3249668e-04   8.6954056e-04 
 -2.5293863e-04   2.5476995e-04  -4.3841616e-05 
  7.6094543e-04  -5.3474326e-05   3.5784621e-04 
mode:  111 freq=  771.1800 
  1.1181561e-03   9.4614064e-05  -9.6234989e-04 
  2.6582080e-04   1.2829122e-03  -1.7081343e-04 
 -7.5021037e-04  -2.3561772e-04   2.0477122e-04 
mode:  112 freq=  774.2100 
  6.8377524e-04   4.2127038e-04  -7.2273799e-04 
  2.3419434e-04   3.7878687e-04  -7.3889923e-05 
 -6.1074344e-04  -2.0585051e-04  -3.2103956e-05 
mode:  113 freq=  776.1700 
 -9.4413873e-04  -3.7343526e-04   1.3393617e-03 
 -5.1062740e-04   8.6870856e-04  -7.9505795e-05 
  1.1019675e-03  -1.5961806e-04   5.5947173e-04 
mode:  114 freq=  787.2900 
 -5.6594756e-04  -4.1628712e-04   1.1997670e-04 
 -4.0003768e-04  -1.0705319e-03   2.2029859e-04 
  9.5588001e-05   2.3009562e-04  -6.0879329e-04 
mode:  115 freq=  791.5800 
  3.4537910e-04  -2.3435314e-04  -5.4604297e-04 
 -2.2109566e-04   3.2402046e-04  -3.1877367e-05 
 -4.6696179e-04  -2.5942314e-05  -2.7696239e-04 
mode:  116 freq=  796.0700 
  8.8168478e-04   5.3662678e-04  -8.4563771e-04 
  4.4737166e-04   5.5663719e-04   8.7819712e-05 
 -7.5785122e-04   9.6273881e-05  -2.4663297e-04 
mode:  117 freq=  811.7400 
 -7.9694177e-04  -4.5670779e-04   5.7713491e-04 
 -2.2240304e-04  -7.7536412e-04   2.0220289e-04 
  4.9529519e-04   2.3142557e-04  -6.8665465e-04 
mode:  118 freq=  813.5000 
  1.0110942e-03   2.5953920e-04  -6.3092683e-04 
  4.3175405e-04   1.9116562e-03  -3.9873922e-04 
 -5.5198625e-04  -3.4437085e-04   4.0957683e-04 
mode:  119 freq=  818.0000 
  1.2474001e-03   8.0108489e-04  -8.8394555e-04 
  8.0444211e-04   1.4581463e-03  -1.2159806e-04 
 -7.9627670e-04  -8.7176218e-05   1.3731390e-04 
mode:  120 freq=  823.1200 
 -1.3899336e-04   2.4322268e-04   3.5362952e-04 
  1.4699863e-04   2.0390097e-04  -2.6010221e-04 
  2.8920793e-04  -1.4750149e-04   3.5097622e-04 
mode:  121 freq=  842.1800 
  1.5792800e-04  -3.8842579e-05  -1.9008260e-05 
 -1.0568595e-04   4.7491433e-04  -1.7630868e-04 
 -2.3067991e-05  -1.1966655e-04   6.1856355e-05 
mode:  122 freq=  842.9500 
  1.4325406e-03   1.0276795e-03  -1.0105030e-03 
  8.9872860e-04   1.7084271e-03  -2.8779685e-04 
 -9.0003089e-04  -2.1520777e-04   4.6083759e-04 
mode:  123 freq=  855.7200 
 -3.9914541e-04   1.9323290e-05   1.6117680e-04 
  3.8636294e-05  -4.5095139e-04   1.4356810e-04 
  1.6877267e-04   8.0440050e-05  -2.8662760e-04 
mode:  124 freq=  867.3100 
  7.1331897e-04   5.3661649e-05  -5.1943987e-04 
 -2.5239405e-06   1.0766471e-03  -2.2602481e-04 
 -5.3726532e-04  -2.0720838e-04   1.8258285e-04 
mode:  125 freq=  873.4900 
  1.9882338e-04  -8.2462749e-05  -3.1327352e-04 
 -5.4821089e-05  -2.1726950e-04   1.4289786e-04 
 -2.6257483e-04   2.5396032e-04  -3.5892864e-04 
mode:  126 freq=  879.3200 
 -6.8890580e-04   1.3578076e-03   1.6361581e-03 
  1.2909437e-03   1.0692624e-04   4.1518910e-04 
  1.6503990e-03   4.3935728e-04   7.6976197e-04 
mode:  127 freq=  886.0800 
  2.3918107e-04  -5.2373137e-04  -4.4346189e-04 
 -5.0107472e-04   3.4820799e-04  -1.3432200e-04 
 -4.2752300e-04  -1.0604051e-04  -1.7534074e-04 
mode:  128 freq=  926.3500 
 -2.3592022e-04  -3.9043061e-04  -1.1105820e-04 
 -3.1421047e-04  -7.8790457e-04   2.5940529e-04 
 -3.2703872e-05   3.6120136e-04  -6.8043207e-04 
mode:  129 freq=  928.9400 
 -1.1579283e-03   2.4272353e-03   3.0557112e-03 
  2.3363181e-03   3.5602951e-04   7.5996807e-04 
  3.0278033e-03   7.2466163e-04   1.6094976e-03 
mode:  130 freq=  931.4700 
  5.1431393e-05  -3.4268931e-04  -1.4730401e-04 
 -3.2687704e-04   6.4433914e-04  -1.7202468e-04 
 -8.7309195e-05  -1.1839850e-04  -3.2309329e-05 
mode:  131 freq=  934.5900 
 -5.3443764e-04   4.1466324e-04   9.1949374e-04 
  4.6895051e-04  -7.2534914e-04   5.5871453e-04 
  9.4699514e-04   6.1017038e-04  -5.3381832e-05 
mode:  132 freq=  941.2400 
 -3.3869604e-04   3.0807702e-04   3.8666317e-04 
  3.4992933e-04  -4.1831562e-04   2.2630095e-04 
  3.8156011e-04   2.0579584e-04  -6.8552888e-05 
mode:  133 freq=  941.3400 
  2.8809007e-04  -2.9935883e-05  -1.1582058e-04 
 -5.7230731e-05   9.1460298e-04  -1.8687228e-04 
 -1.0892459e-04  -1.7412447e-04   1.8873525e-04 
mode:  134 freq=  953.7800 
 -7.6024796e-04  -4.1997093e-04   5.0089488e-04 
 -3.4634313e-04  -1.6183027e-03   6.0458447e-04 
  6.2270931e-04   7.9765294e-04  -6.1886399e-04 
mode:  135 freq=  954.1400 
 -8.2037435e-04   1.8112295e-03   2.1432020e-03 
  1.7339028e-03   3.7885100e-04   4.9633174e-04 
  2.1405599e-03   4.7681678e-04   1.0947802e-03 
mode:  136 freq=  955.8800 
  3.8455160e-04  -8.0057857e-04  -9.0830333e-04 
 -7.2849767e-04   5.0526398e-04  -3.1959421e-04 
 -8.8817360e-04  -2.6609048e-04  -4.3676396e-04 
mode:  137 freq=  957.0800 
  2.4277601e-04  -1.7924511e-03  -1.7664211e-03 
 -1.6545376e-03  -1.3871973e-03  -7.1347193e-05 
 -1.6495079e-03   1.4052848e-04  -1.6904027e-03 
mode:  138 freq=  960.0100 
 -2.5494232e-04  -4.2332698e-04  -4.6598395e-04 
 -4.2284394e-04  -6.2277158e-04  -2.7150127e-05 
 -4.2068435e-04  -7.1909052e-06  -6.3945283e-04 
mode:  139 freq=  960.3100 
  9.2900585e-04   7.6772697e-04  -1.9437175e-04 
  6.8982479e-04   1.7356874e-03  -2.6927862e-04 
 -2.4348215e-04  -3.1182349e-04   8.2570354e-04 
mode:  140 freq=  960.5900 
  1.0823158e-04  -1.0630625e-03  -1.1718454e-03 
 -9.6054802e-04  -9.1351809e-04   8.3243845e-05 
 -1.0583896e-03   2.0350502e-04  -1.3140846e-03 
mode:  141 freq=  964.6400 
 -2.2484443e-04   3.5808341e-04   7.7486041e-05 
  3.2014540e-04  -1.6911837e-04   9.6474894e-05 
  1.5774346e-04   1.1296789e-04  -2.0410337e-04 
mode:  142 freq=  965.1600 
  8.4756854e-04   2.4593971e-03   1.2105542e-03 
  2.2682431e-03   2.7545350e-03   6.9815503e-07 
  1.1994153e-03  -7.2700053e-05   2.0033357e-03 
mode:  143 freq=  966.1000 
  6.0834619e-07  -2.2416991e-03  -1.8907323e-03 
 -2.0988263e-03  -1.5852215e-03  -9.9479519e-05 
 -1.8452555e-03   1.4052786e-05  -1.8667911e-03 
mode:  144 freq=  978.6800 
 -1.2472865e-04   2.3609597e-04  -2.7903207e-04 
  2.0776355e-04  -1.8156363e-04   5.6824756e-05 
 -1.6831119e-04   6.2293880e-05  -4.4891110e-04 
mode:  145 freq=  992.4600 
  1.0539438e-03   1.1459574e-04  -7.8967782e-04 
  6.4610911e-05   1.4649254e-03  -4.5354074e-04 
 -8.7447981e-04  -4.6161700e-04   4.6553722e-04 
mode:  146 freq=  999.2200 
 -3.9890358e-04  -5.7558521e-05   2.5371692e-04 
  1.0286135e-06  -7.1606197e-04   4.9226869e-04 
  3.8451559e-04   5.3621487e-04  -5.4787294e-04 
mode:  147 freq= 1006.2100 
 -6.7030305e-05  -2.6043828e-03  -2.4621880e-03 
 -2.4555321e-03  -1.8324315e-03  -4.4318448e-04 
 -2.4384817e-03  -3.6421025e-04  -2.2761655e-03 
mode:  148 freq= 1009.3100 
  9.7454027e-04   5.2501834e-04  -2.7846399e-04 
  4.2581777e-04   1.5787947e-03  -3.6197799e-04 
 -4.2227575e-04  -3.9295914e-04   9.7851599e-04 
mode:  149 freq= 1023.3300 
  1.9108215e-04  -1.3945275e-03  -1.3826278e-03 
 -1.3010427e-03  -1.0478284e-03  -4.0518476e-05 
 -1.3537681e-03   8.6032895e-05  -1.2585751e-03 
mode:  150 freq= 1025.7200 
 -2.5713071e-04  -2.6340387e-04  -2.8391962e-04 
 -2.7583150e-04  -4.1160505e-04   3.0691836e-05 
 -2.2754711e-04   4.0600319e-05  -5.1187321e-04 
mode:  151 freq= 1029.0600 
  1.0021805e-03  -4.6634119e-04  -1.1741403e-03 
 -4.7466710e-04   1.0618075e-03  -4.4829616e-04 
 -1.2220422e-03  -4.7812048e-04  -7.1588458e-05 
mode:  152 freq= 1034.9400 
  4.0008612e-05   8.2637178e-04   7.3755840e-04 
  8.1765464e-04   2.9109678e-04   3.1510969e-04 
  7.6272382e-04   3.6036644e-04   4.7752323e-04 
mode:  153 freq= 1035.8800 
 -7.7178102e-05  -5.0615316e-04  -4.9465839e-04 
 -4.4239703e-04  -4.6817716e-04  -3.2074895e-05 
 -4.2940262e-04   5.7417375e-05  -5.5309643e-04 
mode:  154 freq= 1036.2200 
  8.4235782e-04  -2.0151246e-03  -2.2268836e-03 
 -1.9382820e-03  -1.3112847e-04  -6.3285844e-04 
 -2.2740391e-03  -5.8440808e-04  -1.1927968e-03 
mode:  155 freq= 1038.0100 
  3.0264430e-04   1.1937783e-03   9.4033983e-04 
  1.2275024e-03   7.3298215e-04   3.1473728e-04 
  9.7297843e-04   4.1445358e-04   9.0091039e-04 
mode:  156 freq= 1041.6600 
  3.4523943e-05  -1.8688667e-03  -1.9646763e-03 
 -1.6723958e-03  -1.4969704e-03  -1.8284433e-04 
 -1.8726033e-03  -1.0858750e-04  -1.8829649e-03 
mode:  157 freq= 1045.7700 
  1.3211866e-03   4.2888379e-04  -8.3520778e-04 
  3.6980793e-04   1.8176844e-03  -3.8590037e-04 
 -8.8331713e-04  -4.3318213e-04   5.6008353e-04 
mode:  158 freq= 1050.4300 
  3.8516608e-04   1.5702523e-03   9.4626366e-04 
  1.5223679e-03   9.9949721e-04   3.3451366e-04 
  9.7194546e-04   3.6746899e-04   1.0266140e-03 
mode:  159 freq= 1052.6700 
 -2.0874220e-04  -5.0816448e-05  -2.2025438e-04 
  1.1934073e-05  -4.6094714e-04   2.3117171e-04 
 -1.0451809e-04   2.4329136e-04  -6.2683470e-04 
mode:  160 freq= 1054.8400 
  1.0001457e-03  -4.6524842e-06  -8.9258028e-04 
 -9.1237664e-05   1.3856482e-03  -4.2573213e-04 
 -9.6140285e-04  -5.1687488e-04   2.4868779e-04 
mode:  161 freq= 1060.1700 
  2.6648066e-05  -3.6830320e-04   4.7160397e-05 
 -2.5171569e-04  -4.0944519e-04   1.2828574e-04 
  8.2224291e-05   3.1759441e-04  -1.6726894e-04 
mode:  162 freq= 1066.5100 
 -4.3032393e-04  -1.6939857e-04   3.5526452e-04 
 -1.6034051e-04  -5.0077669e-04   1.0703975e-04 
  3.0967535e-04   1.3796686e-04  -1.8422870e-04 
mode:  163 freq= 1073.3000 
  3.4857349e-04  -2.0415888e-04  -3.3081506e-04 
 -1.8791327e-04   5.7423386e-04  -1.4610790e-04 
 -3.1517695e-04  -1.3471570e-04   8.6808350e-06 
mode:  164 freq= 1084.5200 
  4.4510641e-04   1.0761552e-04  -4.8532059e-04 
  8.2119581e-05   7.5444308e-05  -6.9434554e-05 
 -5.0996464e-04  -5.1640136e-05  -1.1400999e-04 
mode:  165 freq= 1088.5600 
 -5.2438345e-04  -4.1211918e-04   3.1694624e-04 
 -3.3006550e-04  -5.5529479e-04   9.6880522e-05 
  2.4495771e-04   1.1604451e-04  -3.1678662e-04 
mode:  166 freq= 1093.5600 
  8.7933678e-04  -6.5291592e-04  -1.1603653e-03 
 -5.3662785e-04   8.6306426e-04  -1.5158677e-04 
 -1.1121819e-03  -9.2885331e-05  -4.2517350e-04 
mode:  167 freq= 1102.7700 
  2.1979807e-04   4.7670003e-04  -4.0817089e-05 
  3.5613474e-04  -5.9917908e-05  -5.6771479e-05 
 -6.3150493e-05  -5.5970698e-05   1.7666215e-04 
mode:  168 freq= 1112.0000 
 -2.9317595e-04  -3.1653690e-04   1.1969583e-04 
 -3.2564547e-04  -1.7497106e-04   1.1339181e-04 
  1.1153935e-04   1.9899716e-04  -3.8945042e-04 
mode:  169 freq= 1118.7200 
  2.6778748e-04  -4.9153994e-04  -4.9384988e-04 
 -3.9876456e-04   3.8305558e-05  -3.2593830e-05 
 -4.7092627e-04  -5.2539379e-05  -2.7816866e-04 
mode:  170 freq= 1121.1700 
  5.2804219e-04  -6.3099332e-04  -1.1475721e-03 
 -5.6420878e-04  -2.8638853e-04   1.3423064e-04 
 -1.0965535e-03   1.8975908e-04  -9.4791541e-04 
mode:  171 freq= 1128.2300 
 -3.1750235e-04   4.4126624e-05   3.0473250e-04 
  5.1881340e-05  -3.8005394e-04  -6.8619998e-06 
  2.9793310e-04   2.3058247e-05   1.4156668e-05 
mode:  172 freq= 1134.0800 
  2.8958173e-04   1.2603108e-04   1.0294569e-04 
  1.1958117e-04   8.6807487e-04  -2.9154785e-04 
  8.7687822e-05  -2.7182879e-04   6.1334171e-04 
mode:  173 freq= 1138.4400 
  1.4526357e-04   2.7849409e-04  -4.0056531e-05 
  2.3010379e-04  -9.5404543e-05   1.4793507e-05 
 -6.8165845e-05   4.7115665e-05   6.6206029e-05 
mode:  174 freq= 1145.2600 
 -2.9684447e-04  -2.2392763e-05   1.0781965e-04 
  3.3728698e-05  -7.1258959e-04   1.2760290e-04 
  9.1946357e-05   1.4630420e-04  -2.6694603e-04 
mode:  175 freq= 1155.5200 
  5.0218140e-04   1.6812545e-04  -1.8740378e-04 
  1.9425583e-04   8.3278625e-04  -2.0285234e-04 
 -2.1331457e-04  -1.8522901e-04   3.9132520e-04 
mode:  176 freq= 1161.0700 
  4.8327715e-06   1.8748853e-04  -1.4079418e-04 
  2.0794684e-04  -5.4285942e-04   9.9448085e-05 
 -1.9403995e-04   1.1351917e-04  -1.9743350e-04 
mode:  177 freq= 1168.6300 
 -5.4453714e-04  -1.6674935e-04   4.5927094e-05 
 -8.3222802e-05  -1.6918220e-03   2.7721963e-04 
 -4.5245504e-05   2.2772183e-04  -6.3603970e-04 
mode:  178 freq= 1170.2300 
  8.2069568e-04   1.7359247e-04  -4.7111705e-04 
  1.8640484e-04   1.1497476e-03  -2.4002356e-04 
 -5.5004172e-04  -1.4718557e-04   2.0794832e-04 
mode:  179 freq= 1173.3800 
  2.9498145e-04   1.9720459e-04  -4.2181440e-04 
  2.1387470e-04  -5.3419527e-04   4.1530592e-05 
 -5.5917354e-04   6.5132170e-05  -3.2114437e-04 
mode:  180 freq= 1189.1200 
 -1.1787306e-04   2.5646308e-04   2.5618490e-04 
  2.6254833e-04  -1.4549553e-04   1.4278469e-05 
  2.6213174e-04  -8.3466622e-06   2.2391345e-04 
mode:  181 freq= 1195.0200 
  2.9812354e-04   4.7063387e-04   1.7733928e-04 
  4.5678620e-04   6.2861287e-04  -1.4362461e-04 
  1.7542316e-04  -1.4313529e-04   6.5717574e-04 
mode:  182 freq= 1195.6300 
 -4.2353076e-04   4.0435448e-04   4.9742628e-04 
  4.2934657e-04  -5.1211577e-04   8.4980981e-05 
  4.5292457e-04   7.8759225e-05   2.0413912e-04 
mode:  183 freq= 1205.1400 
 -4.0062527e-04   6.6950703e-04   8.9020682e-04 
  6.7160523e-04  -1.7828614e-04  -1.0328612e-05 
  8.2841187e-04  -1.2134308e-05   6.7833028e-04 
mode:  184 freq= 1218.0600 
  6.3340319e-04   8.1527014e-04   1.5205938e-04 
  7.4899546e-04   1.1860561e-03  -4.0643181e-04 
  1.1991138e-04  -4.5892902e-04   1.1030707e-03 
mode:  185 freq= 1220.2500 
 -5.8829064e-04   6.0100627e-04   7.8976168e-04 
  6.1584973e-04  -9.1334082e-04   2.0139963e-04 
  6.6994045e-04   2.1699951e-04   1.9371960e-04 
mode:  186 freq= 1222.5700 
 -8.0999555e-05   2.3602981e-04   1.5411072e-04 
  2.3273062e-04  -3.2994670e-04  -4.6884670e-06 
  1.7367914e-04  -5.1044052e-05   2.3246253e-04 
mode:  187 freq= 1236.3400 
 -5.0718797e-05   3.3854438e-04   5.3049540e-04 
  3.2965539e-04   4.9705262e-04  -1.3701010e-04 
  5.2557992e-04  -1.4949483e-04   7.6256465e-04 
mode:  188 freq= 1237.2300 
 -5.2550930e-04   1.7511916e-04   6.2446634e-04 
  2.0405092e-04  -3.6209372e-04   7.0093234e-05 
  5.7385389e-04   4.4732241e-05   2.9075769e-04 
mode:  189 freq= 1238.8200 
 -1.7001695e-04   8.7302851e-04   6.7431896e-04 
  8.5258865e-04  -4.2599712e-04  -8.7670794e-05 
  6.4407347e-04  -8.6578249e-05   8.0339074e-04 
mode:  190 freq= 1261.4800 
 -2.2045529e-05   6.7736540e-04   8.7591346e-04 
  6.3140468e-04   7.5935440e-04  -2.4436370e-04 
  8.2779735e-04  -2.8275698e-04   1.2365459e-03 
mode:  191 freq= 1263.4900 
 -9.6194600e-04   1.9231963e-04   1.3226125e-03 
  1.9791936e-04  -4.0404433e-04   9.7524561e-05 
  1.1819796e-03   4.9682676e-05   5.7050433e-04 
mode:  192 freq= 1267.1500 
  1.3802142e-04   8.9094080e-06  -3.4615401e-04 
 -1.0820345e-05  -2.1039187e-04   1.9084790e-04 
 -3.0298854e-04   1.9026248e-04  -3.8982230e-04 
mode:  193 freq= 1271.1700 
 -7.1290804e-04  -4.5419009e-04  -2.5099472e-04 
 -4.1336868e-04  -1.8703180e-03   9.5449249e-04 
 -2.0375807e-04   9.7998239e-04  -1.8651606e-03 
mode:  194 freq= 1273.1700 
  4.8813851e-04   1.7378110e-04  -7.7161173e-05 
  1.3583144e-04   9.6218177e-04  -5.4984190e-04 
 -1.1459589e-04  -6.3653402e-04   9.8614029e-04 
mode:  195 freq= 1273.5000 
 -3.3212432e-04   1.3880874e-05   2.6422949e-05 
  1.4029746e-05  -8.1542793e-04   4.8451211e-04 
  6.6232862e-05   5.2926673e-04  -6.4012263e-04 
mode:  196 freq= 1283.6000 
 -9.9866439e-04  -8.2161072e-04  -2.9638221e-04 
 -6.9517332e-04  -2.4855498e-03   1.2198555e-03 
 -2.3877369e-04   1.2472980e-03  -2.4019586e-03 
mode:  197 freq= 1294.0300 
  2.2763288e-04   4.7961355e-04   3.4836139e-04 
  4.2696897e-04   8.0972283e-04  -4.7225152e-04 
  2.9551840e-04  -5.1889863e-04   1.1998665e-03 
mode:  198 freq= 1294.9600 
  8.9039223e-05  -3.0990042e-05  -3.4440752e-04 
 -4.7329704e-05  -3.4918318e-04   2.7571145e-04 
 -2.8979287e-04   2.8457998e-04  -5.6667161e-04 
mode:  199 freq= 1296.0800 
 -4.1267470e-04  -1.2018747e-04  -5.5953389e-04 
 -1.2330315e-04  -2.0454183e-03   1.1968299e-03 
 -4.4930702e-04   1.3033213e-03  -2.2233914e-03 
mode:  200 freq= 1304.1800 
  2.3547560e-04   8.8263622e-05   4.6881785e-05 
  7.7926554e-05   6.7046233e-04  -6.2262338e-04 
  5.1846452e-06  -6.8300768e-04   9.6424298e-04 
mode:  201 freq= 1319.8300 
  1.6225466e-04  -1.6494850e-04  -4.9778083e-04 
 -2.2038154e-04  -3.5190283e-04   3.8474860e-04 
 -4.0055446e-04   3.7085417e-04  -8.1868003e-04 
mode:  202 freq= 1325.4600 
 -4.8610973e-04  -3.1615941e-05  -5.9753887e-04 
 -4.0263290e-05  -2.6304394e-03   1.5119644e-03 
 -4.5657180e-04   1.6716661e-03  -2.6164090e-03 
mode:  203 freq= 1325.5300 
  3.5373768e-05   5.1448308e-04   4.9142157e-04 
  4.4627667e-04   7.9623043e-04  -8.3053408e-04 
  3.4914212e-04  -8.5452046e-04   1.5802303e-03 
mode:  204 freq= 1330.6000 
  2.3118201e-04   7.5729069e-06  -4.1751669e-04 
 -8.7847336e-06  -1.0155417e-04   2.3390407e-04 
 -4.0276652e-04   2.7047192e-04  -5.6091224e-04 
mode:  205 freq= 1334.4500 
 -1.6327676e-04  -3.9507601e-05  -7.7686492e-04 
 -1.4301329e-05  -1.7065675e-03   1.0218046e-03 
 -6.3705804e-04   1.1142244e-03  -2.0604485e-03 
mode:  206 freq= 1337.2200 
  1.5981297e-04  -1.2769709e-04  -4.9009957e-05 
 -1.7162447e-04   4.5099636e-04  -5.2789065e-04 
 -5.5464370e-05  -5.7911918e-04   6.0714774e-04 
mode:  207 freq= 1347.3200 
 -2.0072050e-04   4.1041448e-04   3.3722518e-04 
  4.0105049e-04  -3.9161889e-04   3.9892988e-04 
  2.4214179e-04   3.0799043e-04  -1.3753198e-04 
mode:  208 freq= 1365.1400 
  1.2123414e-04  -1.6116595e-04  -1.4016804e-03 
 -1.0899382e-04  -2.0506708e-03   1.1845381e-03 
 -1.1399515e-03   1.3213946e-03  -2.6332693e-03 
mode:  209 freq= 1369.1100 
  1.5537152e-04  -1.4719581e-04  -4.8719868e-05 
 -2.3364849e-04   6.1899494e-04  -6.0211364e-04 
 -3.7048718e-05  -6.4614988e-04   6.7994813e-04 
mode:  210 freq= 1380.9000 
  3.4306771e-04   3.5691132e-05  -3.3781623e-04 
 -1.0825605e-05   3.6741665e-04   2.6429247e-05 
 -3.6007612e-04   3.0175591e-05  -1.4476985e-04 
mode:  211 freq= 1382.2100 
 -1.4269331e-04   1.6194888e-04  -9.8566746e-05 
  1.8340352e-04  -5.0787044e-04   3.8899506e-04 
 -7.6251167e-05   4.2244126e-04  -6.8081932e-04 
mode:  212 freq= 1384.6100 
  5.2073264e-05  -2.3462666e-05   4.5689295e-05 
 -4.1869005e-05   1.1262344e-04  -1.9531498e-04 
  1.8613219e-05  -2.7486586e-04   3.1843002e-04 
mode:  213 freq= 1390.9000 
  2.9513614e-04   8.2546234e-05  -1.3079454e-04 
  4.4229966e-05   4.8863920e-04  -8.5850128e-05 
 -1.6719201e-04  -1.3219501e-04   2.3482809e-04 
mode:  214 freq= 1396.1000 
 -3.8596743e-04   1.8089879e-04   4.0914533e-04 
  1.5413553e-04  -3.1682055e-04   7.8238110e-05 
  3.8177976e-04   6.6366906e-05   5.8796652e-05 
mode:  215 freq= 1397.0300 
  1.8799117e-04  -1.6327856e-05  -1.9871145e-04 
 -1.4518643e-05   3.5129665e-05  -2.2135425e-05 
 -2.1705410e-04  -4.4197489e-05  -8.2957788e-05 
mode:  216 freq= 1401.6700 
  9.1448922e-05   1.5727365e-04   6.1447095e-05 
  1.2896427e-04   1.4690512e-04   1.5736410e-05 
  1.3376073e-05  -2.8999615e-05   1.7279714e-04 
mode:  217 freq= 1403.0600 
 -2.4990930e-04   6.8534473e-05   2.5437436e-04 
  7.4522096e-05  -2.9258733e-04   5.5045502e-05 
  2.1272280e-04   5.0464016e-05  -2.3001188e-06 
mode:  218 freq= 1404.1000 
  3.1933192e-04  -6.1015860e-05  -2.2924741e-04 
 -3.6336903e-05   4.2899264e-04  -6.0242839e-05 
 -2.2836163e-04  -7.5636869e-05   5.0406084e-06 
mode:  219 freq= 1405.0200 
  1.0379127e-04   1.3757947e-04  -5.1144133e-05 
  7.6098803e-05   1.1817250e-04  -7.5341859e-05 
 -9.6589127e-05  -6.7293073e-05   8.8417885e-05 
mode:  220 freq= 1410.9300 
 -1.3948817e-04   2.4930842e-04   5.4959201e-04 
  2.4013265e-04   3.9167794e-04   1.4480101e-05 
  4.9697690e-04   1.1017275e-04   3.6990862e-04 
mode:  221 freq= 1411.6400 
  1.6794272e-04  -1.0763606e-04  -3.3988022e-04 
 -1.2155296e-04  -1.0162515e-04   3.9086631e-05 
 -3.0305477e-04   2.6860454e-06  -3.6048175e-04 
mode:  222 freq= 1417.4300 
  1.4047819e-04   1.0488799e-04  -1.1859968e-04 
  4.1699836e-05   9.1694620e-05  -8.8750063e-06 
 -1.3939414e-04   5.3154513e-06  -5.0179325e-06 
mode:  223 freq= 1428.7500 
 -4.6055053e-04   3.8748612e-04   7.1672412e-04 
  3.2571839e-04  -3.6271679e-04   2.1184164e-04 
  5.8877781e-04   2.9542347e-04   8.9694919e-05 
mode:  224 freq= 1430.8700 
  2.8826222e-04  -1.8524821e-04  -2.7723936e-04 
 -1.3439865e-04   3.1795277e-04  -1.8499978e-05 
 -2.1797243e-04  -1.0198429e-04  -6.4673441e-05 
mode:  225 freq= 1443.2500 
  2.1209049e-04   6.9585571e-05  -2.1044398e-04 
  6.5234092e-05   1.6445046e-04   1.3086850e-05 
 -2.2708417e-04   2.1173496e-05  -9.5481071e-05 
mode:  226 freq= 1459.9300 
 -2.1550645e-04   5.7354470e-06   3.2943403e-05 
  5.8601945e-05  -3.4366742e-04   2.2926097e-04 
  5.1583628e-06   3.3289921e-04  -4.4483703e-04 
mode:  227 freq= 1463.2400 
  2.1935705e-04  -1.9144595e-04  -2.0605112e-04 
 -1.8513810e-04   3.0319640e-04  -1.1673450e-04 
 -1.3170617e-04  -1.5350194e-04   5.1107755e-05 
mode:  228 freq= 1464.2900 
  8.5185755e-05  -8.0585001e-06  -8.8981707e-05 
 -4.6133387e-05   1.0256850e-04  -6.7919578e-05 
 -1.2042216e-04  -9.8910480e-05   1.7460265e-06 
mode:  229 freq= 1468.1900 
 -2.0637434e-04   9.8478705e-05   2.2257483e-04 
  5.5376775e-05  -6.4657088e-04  -9.3457705e-05 
  1.8296648e-04  -1.3758277e-04   3.0110583e-04 
mode:  230 freq= 1468.8200 
  3.0022163e-04  -2.5546982e-04  -4.4144222e-04 
 -1.7468313e-04   2.9318420e-04   6.6580678e-05 
 -3.6557579e-04   1.2893478e-04  -4.0204855e-04 
mode:  231 freq= 1469.0300 
 -8.3703981e-05   1.1990317e-04   3.6969866e-04 
  9.9864063e-05   6.5012136e-05   3.9100545e-05 
  2.8404168e-04   4.1088047e-05   1.8653778e-04 
mode:  232 freq= 1472.6100 
 -9.5660216e-05  -3.3074342e-04  -2.9554908e-04 
 -3.0000572e-04  -1.1781132e-03  -1.1185542e-04 
 -3.4344913e-04  -1.2265141e-04  -1.2912848e-04 
mode:  233 freq= 1473.1600 
  1.9937352e-04  -1.0968649e-04  -4.6908649e-05 
 -7.8646727e-05   7.6115819e-04   8.5857645e-05 
 -1.3570242e-05   8.5329050e-05  -2.1556346e-05 
mode:  234 freq= 1473.8700 
 -1.5815849e-04   3.2624509e-04   6.1276033e-04 
  3.0508711e-04   1.6902044e-05  -1.1104099e-05 
  4.5489808e-04  -4.7519617e-05   4.5123957e-04 
mode:  235 freq= 1474.8600 
  1.1403194e-04  -4.6485061e-04  -5.2046251e-04 
 -4.6956349e-04  -9.5341395e-04  -4.7669562e-04 
 -5.1062472e-04  -5.0586645e-04   2.5806408e-04 
mode:  236 freq= 1476.1400 
  2.5009716e-04  -5.1605142e-04  -4.5031134e-04 
 -4.6713753e-04   7.3185007e-04   1.8907687e-04 
 -3.0466108e-04   2.4367814e-04  -5.3858507e-04 
mode:  237 freq= 1476.8000 
 -6.5016617e-06   8.5055585e-05   2.5526070e-04 
  7.8635014e-05   6.6645405e-05   4.1187618e-05 
  1.9708077e-04   3.5046516e-05   1.4988676e-04 
mode:  238 freq= 1477.7400 
 -1.3616146e-04  -3.1449713e-04  -2.1614606e-04 
 -2.7554304e-04  -1.0810125e-03   5.7898389e-06 
 -2.3796459e-04  -4.1176402e-06  -2.0520735e-04 
mode:  239 freq= 1481.6800 
 -1.6348996e-04   6.9382418e-05   3.7266345e-04 
  7.7353694e-05   3.6204241e-04   5.0709859e-05 
  3.3367173e-04   5.0320048e-05   1.9213796e-04 
mode:  240 freq= 1484.1800 
  1.3350902e-04  -6.4941439e-05  -2.6167623e-04 
 -5.8903079e-05  -4.5525206e-05  -3.2209136e-05 
 -2.3026830e-04  -2.8830579e-05  -5.6174067e-05 
mode:  241 freq= 1485.2900 
  2.8577033e-04  -9.9940620e-05  -2.8907400e-04 
 -1.0163597e-04   1.9564915e-04  -1.4818481e-04 
 -2.4816846e-04  -1.1817281e-04   1.3353373e-04 
mode:  242 freq= 1487.5600 
 -5.5360705e-04   1.2155321e-04   5.2484792e-04 
  1.5503821e-04  -6.5575797e-04   1.7598970e-04 
  4.7707000e-04   1.8193804e-04  -2.0642209e-05 
mode:  243 freq= 1495.4900 
  1.6156036e-04   2.0907319e-04  -2.0475832e-04 
  2.4926558e-04   1.4862023e-05  -1.8467933e-04 
 -1.4598977e-04  -1.8899069e-04   2.7313529e-04 
mode:  244 freq= 1495.5900 
  1.0156990e-03   1.3550682e-04  -7.0129577e-04 
  1.3855849e-04   1.6194982e-03  -4.1539225e-04 
 -6.3467201e-04  -3.3018209e-04   3.7300254e-04 
mode:  245 freq= 1496.3800 
 -5.8058079e-04  -1.4038036e-04   3.4199361e-04 
 -1.3883944e-04  -1.0750323e-03   2.1439701e-04 
  3.2801688e-04   1.7849798e-04  -2.5983619e-04 
mode:  246 freq= 1500.0000 
 -1.0110032e-04   5.6986613e-04   2.9281496e-04 
  6.3527990e-04  -5.2060891e-05  -2.6344092e-04 
  2.8719338e-04  -2.7655046e-04   6.9817870e-04 
mode:  247 freq= 1502.5300 
  1.5897884e-03   3.0729483e-04  -1.2555524e-03 
  2.8810571e-04   2.1958944e-03  -6.6118463e-04 
 -1.1543457e-03  -5.4094459e-04   4.9318106e-04 
mode:  248 freq= 1504.6300 
 -6.1085349e-04  -5.5556288e-04   1.0771634e-04 
 -5.6494602e-04  -1.2141172e-03   3.7438166e-04 
  1.4010669e-04   3.4667020e-04  -7.3167612e-04 
mode:  249 freq= 1505.2400 
  3.6949330e-04   9.5819965e-05  -4.1389441e-04 
  1.2274327e-04   3.0312982e-04  -2.0729988e-04 
 -3.3364228e-04  -2.1630284e-04   1.6050121e-04 
mode:  250 freq= 1506.5000 
  1.2021343e-03   7.9094421e-05  -6.9938090e-04 
  1.4079336e-04   2.3343748e-03  -2.3645499e-04 
 -5.8856693e-04  -1.6841109e-04   2.9558618e-04 
mode:  251 freq= 1507.2400 
 -7.8442357e-04   2.1921083e-04   6.1291546e-04 
  2.0184750e-04  -1.6538492e-03   1.0974561e-04 
  5.2424850e-04   6.9744730e-05   3.6726391e-06 
mode:  252 freq= 1511.1300 
  4.3209792e-04   4.3775962e-04  -3.8258681e-04 
  4.5938854e-04   5.1021301e-04  -3.2447421e-04 
 -2.9602102e-04  -2.7094435e-04   4.5074818e-04 
mode:  253 freq= 1511.9500 
  1.9565669e-03   2.8364475e-04  -1.1167975e-03 
  3.5103458e-04   3.8060194e-03  -3.3425031e-04 
 -9.2715016e-04  -2.5681846e-04   5.6557591e-04 
mode:  254 freq= 1513.0300 
 -1.1651342e-03   2.5604646e-04   8.6415172e-04 
  2.1361032e-04  -2.3653798e-03   1.4875520e-04 
  7.3968301e-04   1.0760009e-04  -3.9413967e-05 
mode:  255 freq= 1513.6100 
  2.4130985e-05   8.6365837e-05   5.1494247e-05 
  1.2924728e-04   4.4229082e-05  -8.1390629e-05 
  6.3032630e-05  -9.3413429e-05   2.4214668e-04 
mode:  256 freq= 1515.5400 
  2.6838628e-04  -4.9368621e-04  -4.2196211e-04 
 -4.6745790e-04   5.3767376e-04   5.3945007e-06 
 -3.3593836e-04  -4.7256419e-06  -3.6213989e-04 
mode:  257 freq= 1530.4600 
 -6.1136712e-04   5.9353377e-04   5.5369025e-04 
  6.0357760e-04  -1.3641958e-03   1.9786733e-05 
  5.0589214e-04   2.5878754e-05   2.7622850e-04 
mode:  258 freq= 1548.5900 
  2.3631157e-04  -9.9644264e-05  -2.6858501e-04 
 -7.2395602e-05   3.1183125e-04  -1.6087216e-04 
 -2.2515835e-04  -1.6561474e-04   1.4768328e-04 
mode:  259 freq= 1555.8400 
  7.6202683e-04  -9.1526765e-04  -1.0847146e-03 
 -9.5710908e-04   1.1142426e-03  -1.0498354e-04 
 -8.9636101e-04  -1.4322394e-04  -4.8654240e-04 
mode:  260 freq= 1606.8000 
  6.2980544e-05   5.5668273e-04  -2.3468184e-04 
  4.9685847e-04  -7.8960534e-04  -2.3673833e-04 
 -2.3997877e-04  -1.8012111e-04   1.2741730e-04 
mode:  261 freq= 1623.3100 
 -1.2421501e-04  -1.0121450e-04   1.2843085e-04 
 -6.3370654e-05  -4.3950923e-05   6.8408574e-05 
  1.3324924e-04   7.9544878e-05  -3.5747764e-05 
mode:  262 freq= 1637.1500 
 -2.3098970e-04  -7.3798782e-04  -1.8557724e-04 
 -6.8056757e-04  -5.6424436e-04   3.3288689e-04 
 -1.0335240e-04   2.6240563e-04  -7.5000729e-04 
mode:  263 freq= 1645.7300 
 -3.6948010e-04   5.1010747e-04   3.6600021e-04 
  5.0304095e-04  -8.3352503e-04  -9.9880353e-05 
  3.3309357e-04  -9.8572901e-05   2.8925104e-04 
mode:  264 freq= 1646.9800 
 -4.9838761e-04  -3.7616850e-04   2.8174584e-04 
 -3.2263229e-04  -6.0491733e-04   2.2902150e-04 
  3.0666674e-04   2.0454983e-04  -2.9276010e-04 
mode:  265 freq= 1650.3200 
 -1.5687646e-04  -1.1336099e-03  -4.1594067e-04 
 -1.0723774e-03  -6.2612234e-04   5.0643871e-04 
 -2.5174119e-04   3.7778066e-04  -9.4971378e-04 
mode:  266 freq= 1663.6400 
 -4.6907794e-05   8.4060980e-04   2.7880739e-04 
  8.2391850e-04  -2.7398990e-04  -2.8883708e-04 
  2.0531320e-04  -2.4265362e-04   5.7219199e-04 
mode:  267 freq= 1666.7700 
  1.0460503e-04  -1.7450316e-04  -1.1229346e-04 
 -1.7590488e-04   1.5523567e-04   1.9802145e-05 
 -1.1542891e-04   3.0238681e-05  -1.4328331e-04 
mode:  268 freq= 1668.1700 
 -4.0976316e-04  -3.9533004e-04   9.7563130e-05 
 -3.4258664e-04  -9.2456661e-04   2.6029884e-04 
  8.7865173e-05   2.2168337e-04  -5.2956043e-04 
mode:  269 freq= 1668.4900 
 -2.5159104e-04   2.3803411e-04   2.4460822e-04 
  2.4640505e-04  -3.8204682e-04  -1.5322652e-05 
  2.3553679e-04  -2.8673916e-05   1.9249604e-04 
mode:  270 freq= 1684.5700 
 -5.3973156e-05   4.0639304e-05   4.0866681e-04 
  2.8479586e-05   3.4339796e-04   6.1032022e-05 
  3.5040469e-04   6.2965411e-05   2.0349056e-04 
mode:  271 freq= 1699.2700 
 -3.5122221e-04  -4.0664984e-04   4.9526083e-05 
 -3.9143366e-04  -7.7673678e-04   1.0145637e-04 
  5.0310668e-05   7.4210239e-05  -2.9250505e-04 
mode:  272 freq= 3029.0800 
 -7.9129430e-05   1.3825449e-04   1.2351966e-04 
  1.4204257e-04  -1.0347729e-04   2.2592133e-05 
  1.1257257e-04   5.0943564e-05   5.2997742e-05 
mode:  273 freq= 3029.1900 
 -1.4638901e-05  -9.8011117e-05   2.2400553e-05 
 -1.0625261e-04  -2.4903778e-04   9.3611708e-06 
 -2.6057418e-05   1.2426700e-05   1.0288253e-06 
mode:  274 freq= 3045.0000 
 -1.1556907e-04  -5.1254485e-05   2.3758873e-04 
 -4.9472397e-05   9.8501608e-05   2.8145599e-05 
  2.4288763e-04   6.9690004e-06   7.8895279e-05 
mode:  275 freq= 3045.9500 
 -2.1473982e-04  -2.4454260e-04  -1.5119499e-04 
 -2.5195210e-04  -1.1684768e-03   1.2872217e-04 
 -1.6031243e-04   1.1816976e-04  -3.6195783e-04 
mode:  276 freq= 3060.6100 
 -3.3707825e-04  -3.2306910e-04   3.3122541e-05 
 -3.0507313e-04  -7.9082223e-04   1.7285400e-04 
  7.3550965e-06   1.9638615e-04  -3.9323359e-04 
mode:  277 freq= 3061.9300 
 -2.0171896e-04  -4.4037001e-05   2.8812230e-04 
 -2.3198239e-05  -7.5356598e-05   3.3620360e-05 
  2.9672201e-04   4.0958053e-05   5.6253262e-05 
mode:  278 freq= 3064.8800 
 -3.8239376e-04  -3.9131635e-04  -1.6107870e-04 
 -3.9205898e-04  -1.4215728e-03   2.3331771e-04 
 -1.5915666e-04   2.1934066e-04  -5.9734237e-04 
mode:  279 freq= 3065.9700 
 -4.6759745e-05  -9.4040997e-05   1.0037117e-04 
 -9.5351411e-05  -8.8594460e-05   2.9441881e-05 
  6.3170099e-05   3.8958384e-05   2.4210188e-06 
mode:  280 freq= 3071.8200 
 -5.6953980e-04   3.5396779e-04   1.1581234e-03 
  3.8512659e-04   1.4395909e-04   1.4935126e-04 
  1.0827238e-03   1.3730274e-04   5.1183950e-04 
mode:  281 freq= 3073.0300 
 -3.4157209e-04  -7.1742074e-05   1.7931890e-05 
 -8.9493229e-05  -1.7883827e-03   1.2370331e-04 
 -6.9368750e-05   9.7794350e-05  -1.7291095e-04 
mode:  282 freq= 3077.1100 
 -3.2327870e-04  -2.3140742e-04  -7.9805247e-06 
 -2.1755187e-04  -1.5075067e-03   7.4353401e-05 
 -9.7331924e-05   7.8361754e-05  -1.7957538e-04 
mode:  283 freq= 3077.1600 
 -7.5178946e-04  -1.8349471e-04   5.6932045e-04 
 -1.5867830e-04  -1.3367708e-03   2.7524724e-04 
  5.0463479e-04   2.3834587e-04  -1.8516376e-04 
mode:  284 freq= 3077.5900 
 -6.4675035e-04  -3.3383160e-04   7.7776749e-05 
 -3.2637984e-04  -2.1258438e-03   2.9891177e-04 
  2.1001466e-05   2.7655460e-04  -5.4236629e-04 
mode:  285 freq= 3106.5600 
  1.1407226e-05  -1.1601996e-04   2.6298817e-04 
 -1.0305819e-04   1.0369134e-03   4.8123907e-05 
  2.8379825e-04   7.1218555e-05   8.4658565e-05 
mode:  286 freq= 3108.4100 
 -1.7110883e-04  -7.4473915e-05   1.6796152e-04 
 -5.0527737e-05   8.1959166e-05  -8.1797662e-06 
  1.8814858e-04  -6.6637880e-06   2.2074674e-05 
mode:  287 freq= 3109.5600 
  1.2573095e-04   3.9275621e-04   3.0058255e-04 
  3.8807377e-04   7.8542137e-04  -1.0832323e-04 
  2.8852060e-04  -7.3429198e-05   4.6629242e-04 
mode:  288 freq= 3110.6700 
 -8.3692847e-05  -2.6703542e-04   2.4609997e-04 
 -2.5603598e-04   1.2227566e-03   1.0976951e-04 
  3.3291936e-04   1.3866851e-04  -6.8148014e-05 
mode:  289 freq= 3133.8100 
 -2.4771239e-05  -5.6108168e-05   5.8905522e-05 
 -4.5441251e-05   8.0300444e-05  -7.8124114e-05 
  6.8335846e-05  -8.9848688e-05   1.0292034e-04 
mode:  290 freq= 3135.1600 
 -3.6130892e-04   6.4437301e-04   8.6583497e-04 
  7.0461596e-04   4.6380012e-04   8.5132185e-05 
  7.6391971e-04   1.7459089e-04   4.3249354e-04 
mode:  291 freq= 3140.0200 
  1.8962130e-04  -1.9802901e-04   9.7884784e-05 
 -1.9493094e-04   1.5125539e-03  -2.5815166e-05 
  1.6064335e-04  -5.3991812e-06   1.2328544e-04 
mode:  292 freq= 3140.1800 
  4.1152251e-05  -7.9032881e-05   9.9723761e-05 
 -5.9640207e-05   1.1595016e-03  -1.1978534e-04 
  1.7152577e-04  -1.1189024e-04   2.1134089e-04 
mode:  293 freq= 3142.4700 
 -4.1849947e-04   6.6628049e-04   8.4506797e-04 
  6.9595464e-04  -4.2354900e-04   1.1151763e-04 
  7.1143047e-04   1.5970232e-04   3.8985385e-04 
mode:  294 freq= 3143.1100 
 -8.6657996e-05  -2.5630893e-04   1.9841793e-04 
 -2.2013615e-04   7.5943221e-04   1.2330676e-04 
  2.2065649e-04   1.7574478e-04  -1.3994982e-04 
mode:  295 freq= 3143.4200 
  9.9035807e-05   3.8353209e-04   4.3631600e-04 
  3.7465563e-04   1.0826488e-03  -2.4126200e-04 
  3.8985195e-04  -2.4379875e-04   7.3397166e-04 
mode:  296 freq= 3144.2800 
 -1.0865103e-04   3.3231238e-05   1.1208615e-04 
  6.4462752e-05  -8.3150669e-07   8.3898107e-05 
  1.3616909e-04   1.4149698e-04  -1.0274992e-04 
mode:  297 freq= 3148.1200 
  9.9294481e-05   8.5818147e-05  -1.8815373e-04 
  9.9203929e-05  -1.6473335e-05  -7.0788821e-05 
 -1.6710475e-04  -5.4524663e-05   2.0183084e-05 
mode:  298 freq= 3148.3000 
  5.9437502e-04   3.1340167e-04  -4.5781352e-04 
  3.0629529e-04   2.5926174e-04  -3.4851411e-04 
 -4.6128833e-04  -3.0215768e-04   3.9766773e-04 
mode:  299 freq= 3153.3700 
 -2.6693517e-04  -6.9566493e-04  -8.3672487e-05 
 -6.9681260e-04  -1.0863677e-04   1.2434184e-04 
 -2.4833722e-05   1.3782849e-04  -4.8854681e-04 
mode:  300 freq= 3157.9700 
  3.1794405e-04   6.9568822e-04  -1.1914535e-04 
  7.7252010e-04   1.2844442e-04   2.9874188e-04 
 -1.1632892e-04   3.4234999e-04  -2.3233993e-04 
mode:  301 freq= 3161.6700 
  8.6290430e-04  -7.9844059e-05  -7.3292933e-04 
 -1.5518346e-04   9.7451249e-04  -1.0650739e-03 
 -6.5951349e-04  -8.9904515e-04   1.1464657e-03 
mode:  302 freq= 3162.4300 
  4.1345695e-06  -1.0516687e-03  -3.4704713e-04 
 -1.1198766e-03   5.8809889e-04  -5.7290805e-04 
 -2.1268645e-04  -4.4027424e-04   2.5417566e-04 
mode:  303 freq= 3164.5300 
  3.6381629e-04  -6.7305027e-04  -9.0709620e-04 
 -6.7349573e-04  -1.5697774e-04  -4.5107852e-04 
 -7.3899086e-04  -4.3870169e-04  -6.4844540e-05 
mode:  304 freq= 3172.9200 
  9.4272255e-04  -4.8532446e-05  -8.0700079e-04 
 -1.1305141e-04   1.0749610e-03  -8.6345167e-04 
 -7.2209423e-04  -7.2884157e-04   8.6855197e-04 
mode:  305 freq= 3173.6000 
 -1.0066886e-03   7.6355382e-05   6.7486189e-04 
  1.9078933e-04  -1.7780607e-03   1.1917094e-03 
  5.4991534e-04   1.0295318e-03  -1.4420518e-03 
mode:  306 freq= 3196.1500 
 -3.7609455e-04   2.7398035e-04   3.2297702e-04 
  3.0419333e-04  -5.8403587e-04   7.1539921e-05 
  2.5883757e-04   6.2030031e-05   9.0554988e-05 
mode:  307 freq= 3201.8900 
  2.1546639e-04   1.2910091e-03   3.7972833e-04 
  1.3692766e-03  -5.9006418e-05   5.8908988e-04 
  2.1493855e-04   6.1828746e-04  -2.0346863e-04 
mode:  308 freq= 3208.6600 
 -8.4465036e-04  -6.0886492e-04   4.7110310e-04 
 -6.1540388e-04  -8.1673908e-04   1.1466430e-04 
  4.4953652e-04   1.0017524e-04  -2.2085196e-04 
mode:  309 freq= 3209.2500 
  1.8725124e-05   8.2979872e-05   6.9746302e-05 
  7.1913731e-05   1.2614658e-04   1.5284866e-05 
  3.6951473e-05  -6.9295661e-06   8.1759475e-05 
mode:  310 freq= 3209.3200 
 -3.7065163e-05   2.0211937e-04   9.4381998e-05 
  1.9699105e-04   4.9085353e-05  -1.3491142e-04 
  8.8589802e-05  -1.5140277e-04   2.5275456e-04 
mode:  311 freq= 3211.6700 
  2.8555669e-04  -1.0263380e-04  -2.4792933e-04 
 -7.3569269e-05   2.6054453e-04   3.8314387e-06 
 -2.1821500e-04   1.1446492e-05  -4.5050586e-05 
mode:  312 freq= 3212.7300 
  1.7363816e-04   1.0429647e-04  -8.3371367e-05 
  2.6891548e-05   9.8717714e-05  -9.6492803e-05 
 -1.4756552e-04  -9.0339605e-05   1.0197664e-04 
mode:  313 freq= 3213.7400 
 -4.8882222e-04   4.5859406e-04   9.3350556e-04 
  3.2860089e-04  -2.2159848e-04  -3.7847325e-05 
  7.9726991e-04  -1.0824499e-05   6.3506234e-04 
mode:  314 freq= 3218.6700 
  3.6430619e-04  -2.8420153e-04  -4.5883801e-04 
 -1.9973979e-04   3.5173232e-04   1.2588957e-05 
 -4.0646719e-04  -8.8198708e-06  -3.0418352e-04 
mode:  315 freq= 3219.0800 
 -1.0163871e-05   2.0619510e-05   4.6951684e-05 
 -1.2027880e-05   1.5421491e-04  -8.8711580e-05 
  3.9658408e-05  -5.9658195e-05   1.1647438e-04 
mode:  316 freq= 3219.1300 
  2.8150263e-05   2.4617164e-04   5.0635956e-04 
  2.5855031e-04   8.9638826e-04  -1.6028169e-04 
  4.7907677e-04  -8.5375359e-05   6.7603960e-04 
mode:  317 freq= 3222.3300 
  1.2290001e-04  -1.1717900e-04  -3.0256140e-04 
 -1.0230385e-04  -1.7681079e-04   7.1981004e-05 
 -2.7467908e-04   4.3187771e-05  -3.5475848e-04 
mode:  318 freq= 3226.6500 
  1.4129940e-05   1.2256708e-04   9.7749269e-06 
  5.5131031e-05  -5.9070486e-05   3.3096499e-05 
 -3.8087939e-05   2.9738803e-05   1.1076312e-05 
mode:  319 freq= 3226.9000 
 -3.1135984e-04   1.7548676e-04   4.1536805e-04 
  1.4570941e-04  -3.6646926e-04   2.2505038e-04 
  3.4566929e-04   2.7775262e-04  -9.2910910e-05 
mode:  320 freq= 3227.8700 
  2.7201244e-04  -9.7251271e-05  -2.0360337e-04 
 -6.5419475e-05   4.0443230e-04  -7.5037560e-05 
 -1.9252314e-04  -1.2579893e-04   2.8577664e-05 
mode:  321 freq= 3230.8000 
 -1.5917019e-05   1.2854297e-04   8.8417039e-05 
  8.3192383e-05   7.9131151e-06  -3.2258161e-05 
  6.4788643e-05   9.5864127e-06   1.5220954e-04 
mode:  322 freq= 3234.6600 
 -4.7548667e-04   2.3198949e-04   7.4033473e-04 
  1.6498240e-04  -4.0684212e-04   2.1614636e-04 
  6.2894968e-04   2.2972626e-04   2.0889031e-04 
mode:  323 freq= 3241.9400 
  4.3274962e-04  -3.4527015e-04  -3.2375684e-04 
 -2.1147784e-04   8.5233761e-04  -1.0981131e-04 
 -3.5273872e-04  -1.4531350e-04  -2.2216026e-05 
