unit: cm^{-1}, only max(dg)>1.000e-04 are saved; dg/dQ_alpha * Q_alpha 
mode:    6 freq=   11.4900 
  0.0000000e+00   0.0000000e+00   0.0000000e+00 
  0.0000000e+00   0.0000000e+00   0.0000000e+00 
  0.0000000e+00   0.0000000e+00   0.0000000e+00 
mode:    7 freq=   18.9700 
  0.0000000e+00   0.0000000e+00   0.0000000e+00 
  0.0000000e+00   0.0000000e+00   0.0000000e+00 
  0.0000000e+00   0.0000000e+00   0.0000000e+00 
mode:    8 freq=   26.8800 
  0.0000000e+00   0.0000000e+00   0.0000000e+00 
  0.0000000e+00   0.0000000e+00   0.0000000e+00 
  0.0000000e+00   0.0000000e+00   0.0000000e+00 
mode:    9 freq=   34.6100 
  0.0000000e+00   0.0000000e+00   0.0000000e+00 
  0.0000000e+00   0.0000000e+00   0.0000000e+00 
  0.0000000e+00   0.0000000e+00   0.0000000e+00 
mode:   10 freq=   40.0800 
  0.0000000e+00   0.0000000e+00   0.0000000e+00 
  0.0000000e+00   0.0000000e+00   0.0000000e+00 
  0.0000000e+00   0.0000000e+00   0.0000000e+00 
mode:   11 freq=   41.8900 
  0.0000000e+00   0.0000000e+00   0.0000000e+00 
  0.0000000e+00   0.0000000e+00   0.0000000e+00 
  0.0000000e+00   0.0000000e+00   0.0000000e+00 
mode:   12 freq=   44.6900 
  0.0000000e+00   0.0000000e+00   0.0000000e+00 
  0.0000000e+00   0.0000000e+00   0.0000000e+00 
  0.0000000e+00   0.0000000e+00   0.0000000e+00 
mode:   13 freq=   53.6700 
  0.0000000e+00   0.0000000e+00   0.0000000e+00 
  0.0000000e+00   0.0000000e+00   0.0000000e+00 
  0.0000000e+00   0.0000000e+00   0.0000000e+00 
mode:   14 freq=   61.7000 
  0.0000000e+00   0.0000000e+00   0.0000000e+00 
  0.0000000e+00   0.0000000e+00   0.0000000e+00 
  0.0000000e+00   0.0000000e+00   0.0000000e+00 
mode:   15 freq=   65.0100 
  0.0000000e+00   0.0000000e+00   0.0000000e+00 
  0.0000000e+00   0.0000000e+00   0.0000000e+00 
  0.0000000e+00   0.0000000e+00   0.0000000e+00 
mode:   16 freq=   68.4600 
  0.0000000e+00   0.0000000e+00   0.0000000e+00 
  0.0000000e+00   0.0000000e+00   0.0000000e+00 
  0.0000000e+00   0.0000000e+00   0.0000000e+00 
mode:   17 freq=   74.0100 
  0.0000000e+00   0.0000000e+00   0.0000000e+00 
  0.0000000e+00   0.0000000e+00   0.0000000e+00 
  0.0000000e+00   0.0000000e+00   0.0000000e+00 
mode:   18 freq=   76.6400 
  0.0000000e+00   0.0000000e+00   0.0000000e+00 
  0.0000000e+00   0.0000000e+00   0.0000000e+00 
  0.0000000e+00   0.0000000e+00   0.0000000e+00 
mode:   19 freq=   87.0900 
  0.0000000e+00   0.0000000e+00   0.0000000e+00 
  0.0000000e+00   0.0000000e+00   0.0000000e+00 
  0.0000000e+00   0.0000000e+00   0.0000000e+00 
mode:   20 freq=   96.3200 
  0.0000000e+00   0.0000000e+00   0.0000000e+00 
  0.0000000e+00   0.0000000e+00   0.0000000e+00 
  0.0000000e+00   0.0000000e+00   0.0000000e+00 
mode:   21 freq=  101.1800 
  0.0000000e+00   0.0000000e+00   0.0000000e+00 
  0.0000000e+00   0.0000000e+00   0.0000000e+00 
  0.0000000e+00   0.0000000e+00   0.0000000e+00 
mode:   22 freq=  105.7300 
  0.0000000e+00   0.0000000e+00   0.0000000e+00 
  0.0000000e+00   0.0000000e+00   0.0000000e+00 
  0.0000000e+00   0.0000000e+00   0.0000000e+00 
mode:   23 freq=  108.6600 
  0.0000000e+00   0.0000000e+00   0.0000000e+00 
  0.0000000e+00   0.0000000e+00   0.0000000e+00 
  0.0000000e+00   0.0000000e+00   0.0000000e+00 
mode:   24 freq=  117.2100 
  0.0000000e+00   0.0000000e+00   0.0000000e+00 
  0.0000000e+00   0.0000000e+00   0.0000000e+00 
  0.0000000e+00   0.0000000e+00   0.0000000e+00 
mode:   25 freq=  132.5800 
  0.0000000e+00   0.0000000e+00   0.0000000e+00 
  0.0000000e+00   0.0000000e+00   0.0000000e+00 
  0.0000000e+00   0.0000000e+00   0.0000000e+00 
mode:   26 freq=  138.2500 
  0.0000000e+00   0.0000000e+00   0.0000000e+00 
  0.0000000e+00   0.0000000e+00   0.0000000e+00 
  0.0000000e+00   0.0000000e+00   0.0000000e+00 
mode:   27 freq=  148.7900 
  0.0000000e+00   0.0000000e+00   0.0000000e+00 
  0.0000000e+00   0.0000000e+00   0.0000000e+00 
  0.0000000e+00   0.0000000e+00   0.0000000e+00 
mode:   28 freq=  151.5300 
  0.0000000e+00   0.0000000e+00   0.0000000e+00 
  0.0000000e+00   0.0000000e+00   0.0000000e+00 
  0.0000000e+00   0.0000000e+00   0.0000000e+00 
mode:   29 freq=  170.6100 
  0.0000000e+00   0.0000000e+00   0.0000000e+00 
  0.0000000e+00   0.0000000e+00   0.0000000e+00 
  0.0000000e+00   0.0000000e+00   0.0000000e+00 
mode:   30 freq=  175.1600 
  0.0000000e+00   0.0000000e+00   0.0000000e+00 
  0.0000000e+00   0.0000000e+00   0.0000000e+00 
  0.0000000e+00   0.0000000e+00   0.0000000e+00 
mode:   31 freq=  184.5400 
  0.0000000e+00   0.0000000e+00   0.0000000e+00 
  0.0000000e+00   0.0000000e+00   0.0000000e+00 
  0.0000000e+00   0.0000000e+00   0.0000000e+00 
mode:   32 freq=  185.1600 
  0.0000000e+00   0.0000000e+00   0.0000000e+00 
  0.0000000e+00   0.0000000e+00   0.0000000e+00 
  0.0000000e+00   0.0000000e+00   0.0000000e+00 
mode:   33 freq=  187.3300 
  0.0000000e+00   0.0000000e+00   0.0000000e+00 
  0.0000000e+00   0.0000000e+00   0.0000000e+00 
  0.0000000e+00   0.0000000e+00   0.0000000e+00 
mode:   34 freq=  193.3700 
  0.0000000e+00   0.0000000e+00   0.0000000e+00 
  0.0000000e+00   0.0000000e+00   0.0000000e+00 
  0.0000000e+00   0.0000000e+00   0.0000000e+00 
mode:   35 freq=  200.0600 
  0.0000000e+00   0.0000000e+00   0.0000000e+00 
  0.0000000e+00   0.0000000e+00   0.0000000e+00 
  0.0000000e+00   0.0000000e+00   0.0000000e+00 
mode:   36 freq=  204.9300 
  0.0000000e+00   0.0000000e+00   0.0000000e+00 
  0.0000000e+00   0.0000000e+00   0.0000000e+00 
  0.0000000e+00   0.0000000e+00   0.0000000e+00 
mode:   37 freq=  212.0800 
  0.0000000e+00   0.0000000e+00   0.0000000e+00 
  0.0000000e+00   0.0000000e+00   0.0000000e+00 
  0.0000000e+00   0.0000000e+00   0.0000000e+00 
mode:   38 freq=  222.3000 
  0.0000000e+00   0.0000000e+00   0.0000000e+00 
  0.0000000e+00   0.0000000e+00   0.0000000e+00 
  0.0000000e+00   0.0000000e+00   0.0000000e+00 
mode:   39 freq=  230.9800 
  0.0000000e+00   0.0000000e+00   0.0000000e+00 
  0.0000000e+00   0.0000000e+00   0.0000000e+00 
  0.0000000e+00   0.0000000e+00   0.0000000e+00 
mode:   40 freq=  234.4800 
  0.0000000e+00   0.0000000e+00   0.0000000e+00 
  0.0000000e+00   0.0000000e+00   0.0000000e+00 
  0.0000000e+00   0.0000000e+00   0.0000000e+00 
mode:   41 freq=  246.7700 
  0.0000000e+00   0.0000000e+00   0.0000000e+00 
  0.0000000e+00   0.0000000e+00   0.0000000e+00 
  0.0000000e+00   0.0000000e+00   0.0000000e+00 
mode:   42 freq=  248.9000 
  0.0000000e+00   0.0000000e+00   0.0000000e+00 
  0.0000000e+00   0.0000000e+00   0.0000000e+00 
  0.0000000e+00   0.0000000e+00   0.0000000e+00 
mode:   43 freq=  251.9900 
  0.0000000e+00   0.0000000e+00   0.0000000e+00 
  0.0000000e+00   0.0000000e+00   0.0000000e+00 
  0.0000000e+00   0.0000000e+00   0.0000000e+00 
mode:   44 freq=  255.5400 
  0.0000000e+00   0.0000000e+00   0.0000000e+00 
  0.0000000e+00   0.0000000e+00   0.0000000e+00 
  0.0000000e+00   0.0000000e+00   0.0000000e+00 
mode:   45 freq=  256.8700 
  0.0000000e+00   0.0000000e+00   0.0000000e+00 
  0.0000000e+00   0.0000000e+00   0.0000000e+00 
  0.0000000e+00   0.0000000e+00   0.0000000e+00 
mode:   46 freq=  258.4000 
  0.0000000e+00   0.0000000e+00   0.0000000e+00 
  0.0000000e+00   0.0000000e+00   0.0000000e+00 
  0.0000000e+00   0.0000000e+00   0.0000000e+00 
mode:   47 freq=  267.9900 
  0.0000000e+00   0.0000000e+00   0.0000000e+00 
  0.0000000e+00   0.0000000e+00   0.0000000e+00 
  0.0000000e+00   0.0000000e+00   0.0000000e+00 
mode:   48 freq=  270.6500 
  0.0000000e+00   0.0000000e+00   0.0000000e+00 
  0.0000000e+00   0.0000000e+00   0.0000000e+00 
  0.0000000e+00   0.0000000e+00   0.0000000e+00 
mode:   49 freq=  274.6600 
  0.0000000e+00   0.0000000e+00   0.0000000e+00 
  0.0000000e+00   0.0000000e+00   0.0000000e+00 
  0.0000000e+00   0.0000000e+00   0.0000000e+00 
mode:   50 freq=  279.8700 
  0.0000000e+00   0.0000000e+00   0.0000000e+00 
  0.0000000e+00   0.0000000e+00   0.0000000e+00 
  0.0000000e+00   0.0000000e+00   0.0000000e+00 
mode:   51 freq=  283.7500 
  0.0000000e+00   0.0000000e+00   0.0000000e+00 
  0.0000000e+00   0.0000000e+00   0.0000000e+00 
  0.0000000e+00   0.0000000e+00   0.0000000e+00 
mode:   52 freq=  284.5500 
  0.0000000e+00   0.0000000e+00   0.0000000e+00 
  0.0000000e+00   0.0000000e+00   0.0000000e+00 
  0.0000000e+00   0.0000000e+00   0.0000000e+00 
mode:   53 freq=  299.8500 
  0.0000000e+00   0.0000000e+00   0.0000000e+00 
  0.0000000e+00   0.0000000e+00   0.0000000e+00 
  0.0000000e+00   0.0000000e+00   0.0000000e+00 
mode:   54 freq=  299.9600 
  0.0000000e+00   0.0000000e+00   0.0000000e+00 
  0.0000000e+00   0.0000000e+00   0.0000000e+00 
  0.0000000e+00   0.0000000e+00   0.0000000e+00 
mode:   55 freq=  304.5700 
  0.0000000e+00   0.0000000e+00   0.0000000e+00 
  0.0000000e+00   0.0000000e+00   0.0000000e+00 
  0.0000000e+00   0.0000000e+00   0.0000000e+00 
mode:   56 freq=  312.8000 
  0.0000000e+00   0.0000000e+00   0.0000000e+00 
  0.0000000e+00   0.0000000e+00   0.0000000e+00 
  0.0000000e+00   0.0000000e+00   0.0000000e+00 
mode:   57 freq=  320.3600 
  0.0000000e+00   0.0000000e+00   0.0000000e+00 
  0.0000000e+00   0.0000000e+00   0.0000000e+00 
  0.0000000e+00   0.0000000e+00   0.0000000e+00 
mode:   58 freq=  323.9500 
  0.0000000e+00   0.0000000e+00   0.0000000e+00 
  0.0000000e+00   0.0000000e+00   0.0000000e+00 
  0.0000000e+00   0.0000000e+00   0.0000000e+00 
mode:   59 freq=  324.7900 
  0.0000000e+00   0.0000000e+00   0.0000000e+00 
  0.0000000e+00   0.0000000e+00   0.0000000e+00 
  0.0000000e+00   0.0000000e+00   0.0000000e+00 
mode:   60 freq=  326.9000 
  0.0000000e+00   0.0000000e+00   0.0000000e+00 
  0.0000000e+00   0.0000000e+00   0.0000000e+00 
  0.0000000e+00   0.0000000e+00   0.0000000e+00 
mode:   61 freq=  340.7500 
  0.0000000e+00   0.0000000e+00   0.0000000e+00 
  0.0000000e+00   0.0000000e+00   0.0000000e+00 
  0.0000000e+00   0.0000000e+00   0.0000000e+00 
mode:   62 freq=  343.5800 
  0.0000000e+00   0.0000000e+00   0.0000000e+00 
  0.0000000e+00   0.0000000e+00   0.0000000e+00 
  0.0000000e+00   0.0000000e+00   0.0000000e+00 
mode:   63 freq=  346.9400 
  0.0000000e+00   0.0000000e+00   0.0000000e+00 
  0.0000000e+00   0.0000000e+00   0.0000000e+00 
  0.0000000e+00   0.0000000e+00   0.0000000e+00 
mode:   64 freq=  371.4000 
  0.0000000e+00   0.0000000e+00   0.0000000e+00 
  0.0000000e+00   0.0000000e+00   0.0000000e+00 
  0.0000000e+00   0.0000000e+00   0.0000000e+00 
mode:   65 freq=  380.3900 
  0.0000000e+00   0.0000000e+00   0.0000000e+00 
  0.0000000e+00   0.0000000e+00   0.0000000e+00 
  0.0000000e+00   0.0000000e+00   0.0000000e+00 
mode:   66 freq=  383.0200 
  0.0000000e+00   0.0000000e+00   0.0000000e+00 
  0.0000000e+00   0.0000000e+00   0.0000000e+00 
  0.0000000e+00   0.0000000e+00   0.0000000e+00 
mode:   67 freq=  383.7000 
  0.0000000e+00   0.0000000e+00   0.0000000e+00 
  0.0000000e+00   0.0000000e+00   0.0000000e+00 
  0.0000000e+00   0.0000000e+00   0.0000000e+00 
mode:   68 freq=  403.3700 
  0.0000000e+00   0.0000000e+00   0.0000000e+00 
  0.0000000e+00   0.0000000e+00   0.0000000e+00 
  0.0000000e+00   0.0000000e+00   0.0000000e+00 
mode:   69 freq=  409.0800 
  0.0000000e+00   0.0000000e+00   0.0000000e+00 
  0.0000000e+00   0.0000000e+00   0.0000000e+00 
  0.0000000e+00   0.0000000e+00   0.0000000e+00 
mode:   70 freq=  415.8600 
  0.0000000e+00   0.0000000e+00   0.0000000e+00 
  0.0000000e+00   0.0000000e+00   0.0000000e+00 
  0.0000000e+00   0.0000000e+00   0.0000000e+00 
mode:   71 freq=  417.4300 
  0.0000000e+00   0.0000000e+00   0.0000000e+00 
  0.0000000e+00   0.0000000e+00   0.0000000e+00 
  0.0000000e+00   0.0000000e+00   0.0000000e+00 
mode:   72 freq=  422.2600 
  0.0000000e+00   0.0000000e+00   0.0000000e+00 
  0.0000000e+00   0.0000000e+00   0.0000000e+00 
  0.0000000e+00   0.0000000e+00   0.0000000e+00 
mode:   73 freq=  429.1600 
  0.0000000e+00   0.0000000e+00   0.0000000e+00 
  0.0000000e+00   0.0000000e+00   0.0000000e+00 
  0.0000000e+00   0.0000000e+00   0.0000000e+00 
mode:   74 freq=  445.2800 
  0.0000000e+00   0.0000000e+00   0.0000000e+00 
  0.0000000e+00   0.0000000e+00   0.0000000e+00 
  0.0000000e+00   0.0000000e+00   0.0000000e+00 
mode:   75 freq=  449.5900 
  0.0000000e+00   0.0000000e+00   0.0000000e+00 
  0.0000000e+00   0.0000000e+00   0.0000000e+00 
  0.0000000e+00   0.0000000e+00   0.0000000e+00 
mode:   76 freq=  457.3100 
  0.0000000e+00   0.0000000e+00   0.0000000e+00 
  0.0000000e+00   0.0000000e+00   0.0000000e+00 
  0.0000000e+00   0.0000000e+00   0.0000000e+00 
mode:   77 freq=  461.2100 
  0.0000000e+00   0.0000000e+00   0.0000000e+00 
  0.0000000e+00   0.0000000e+00   0.0000000e+00 
  0.0000000e+00   0.0000000e+00   0.0000000e+00 
mode:   78 freq=  468.9800 
  0.0000000e+00   0.0000000e+00   0.0000000e+00 
  0.0000000e+00   0.0000000e+00   0.0000000e+00 
  0.0000000e+00   0.0000000e+00   0.0000000e+00 
mode:   79 freq=  476.0300 
  0.0000000e+00   0.0000000e+00   0.0000000e+00 
  0.0000000e+00   0.0000000e+00   0.0000000e+00 
  0.0000000e+00   0.0000000e+00   0.0000000e+00 
mode:   80 freq=  482.6400 
  0.0000000e+00   0.0000000e+00   0.0000000e+00 
  0.0000000e+00   0.0000000e+00   0.0000000e+00 
  0.0000000e+00   0.0000000e+00   0.0000000e+00 
mode:   81 freq=  487.3000 
  0.0000000e+00   0.0000000e+00   0.0000000e+00 
  0.0000000e+00   0.0000000e+00   0.0000000e+00 
  0.0000000e+00   0.0000000e+00   0.0000000e+00 
mode:   82 freq=  496.7400 
  0.0000000e+00   0.0000000e+00   0.0000000e+00 
  0.0000000e+00   0.0000000e+00   0.0000000e+00 
  0.0000000e+00   0.0000000e+00   0.0000000e+00 
mode:   83 freq=  498.6400 
  0.0000000e+00   0.0000000e+00   0.0000000e+00 
  0.0000000e+00   0.0000000e+00   0.0000000e+00 
  0.0000000e+00   0.0000000e+00   0.0000000e+00 
mode:   84 freq=  514.9100 
  0.0000000e+00   0.0000000e+00   0.0000000e+00 
  0.0000000e+00   0.0000000e+00   0.0000000e+00 
  0.0000000e+00   0.0000000e+00   0.0000000e+00 
mode:   85 freq=  516.6100 
  0.0000000e+00   0.0000000e+00   0.0000000e+00 
  0.0000000e+00   0.0000000e+00   0.0000000e+00 
  0.0000000e+00   0.0000000e+00   0.0000000e+00 
mode:   86 freq=  532.2700 
  0.0000000e+00   0.0000000e+00   0.0000000e+00 
  0.0000000e+00   0.0000000e+00   0.0000000e+00 
  0.0000000e+00   0.0000000e+00   0.0000000e+00 
mode:   87 freq=  533.2700 
  0.0000000e+00   0.0000000e+00   0.0000000e+00 
  0.0000000e+00   0.0000000e+00   0.0000000e+00 
  0.0000000e+00   0.0000000e+00   0.0000000e+00 
mode:   88 freq=  543.6700 
  0.0000000e+00   0.0000000e+00   0.0000000e+00 
  0.0000000e+00   0.0000000e+00   0.0000000e+00 
  0.0000000e+00   0.0000000e+00   0.0000000e+00 
mode:   89 freq=  561.1600 
  0.0000000e+00   0.0000000e+00   0.0000000e+00 
  0.0000000e+00   0.0000000e+00   0.0000000e+00 
  0.0000000e+00   0.0000000e+00   0.0000000e+00 
mode:   90 freq=  568.6900 
  0.0000000e+00   0.0000000e+00   0.0000000e+00 
  0.0000000e+00   0.0000000e+00   0.0000000e+00 
  0.0000000e+00   0.0000000e+00   0.0000000e+00 
mode:   91 freq=  575.0300 
  0.0000000e+00   0.0000000e+00   0.0000000e+00 
  0.0000000e+00   0.0000000e+00   0.0000000e+00 
  0.0000000e+00   0.0000000e+00   0.0000000e+00 
mode:   92 freq=  581.6900 
  0.0000000e+00   0.0000000e+00   0.0000000e+00 
  0.0000000e+00   0.0000000e+00   0.0000000e+00 
  0.0000000e+00   0.0000000e+00   0.0000000e+00 
mode:   93 freq=  583.5200 
  0.0000000e+00   0.0000000e+00   0.0000000e+00 
  0.0000000e+00   0.0000000e+00   0.0000000e+00 
  0.0000000e+00   0.0000000e+00   0.0000000e+00 
mode:   94 freq=  595.0600 
  0.0000000e+00   0.0000000e+00   0.0000000e+00 
  0.0000000e+00   0.0000000e+00   0.0000000e+00 
  0.0000000e+00   0.0000000e+00   0.0000000e+00 
mode:   95 freq=  605.8500 
  0.0000000e+00   0.0000000e+00   0.0000000e+00 
  0.0000000e+00   0.0000000e+00   0.0000000e+00 
  0.0000000e+00   0.0000000e+00   0.0000000e+00 
mode:   96 freq=  614.3300 
  0.0000000e+00   0.0000000e+00   0.0000000e+00 
  0.0000000e+00   0.0000000e+00   0.0000000e+00 
  0.0000000e+00   0.0000000e+00   0.0000000e+00 
mode:   97 freq=  633.1900 
  0.0000000e+00   0.0000000e+00   0.0000000e+00 
  0.0000000e+00   0.0000000e+00   0.0000000e+00 
  0.0000000e+00   0.0000000e+00   0.0000000e+00 
mode:   98 freq=  642.0900 
  0.0000000e+00   0.0000000e+00   0.0000000e+00 
  0.0000000e+00   0.0000000e+00   0.0000000e+00 
  0.0000000e+00   0.0000000e+00   0.0000000e+00 
mode:   99 freq=  656.9200 
  0.0000000e+00   0.0000000e+00   0.0000000e+00 
  0.0000000e+00   0.0000000e+00   0.0000000e+00 
  0.0000000e+00   0.0000000e+00   0.0000000e+00 
mode:  100 freq=  659.2300 
  0.0000000e+00   0.0000000e+00   0.0000000e+00 
  0.0000000e+00   0.0000000e+00   0.0000000e+00 
  0.0000000e+00   0.0000000e+00   0.0000000e+00 
mode:  101 freq=  661.5600 
  0.0000000e+00   0.0000000e+00   0.0000000e+00 
  0.0000000e+00   0.0000000e+00   0.0000000e+00 
  0.0000000e+00   0.0000000e+00   0.0000000e+00 
mode:  102 freq=  674.0900 
  0.0000000e+00   0.0000000e+00   0.0000000e+00 
  0.0000000e+00   0.0000000e+00   0.0000000e+00 
  0.0000000e+00   0.0000000e+00   0.0000000e+00 
mode:  103 freq=  713.1000 
  0.0000000e+00   0.0000000e+00   0.0000000e+00 
  0.0000000e+00   0.0000000e+00   0.0000000e+00 
  0.0000000e+00   0.0000000e+00   0.0000000e+00 
mode:  104 freq=  722.9800 
  0.0000000e+00   0.0000000e+00   0.0000000e+00 
  0.0000000e+00   0.0000000e+00   0.0000000e+00 
  0.0000000e+00   0.0000000e+00   0.0000000e+00 
mode:  105 freq=  729.5500 
  0.0000000e+00   0.0000000e+00   0.0000000e+00 
  0.0000000e+00   0.0000000e+00   0.0000000e+00 
  0.0000000e+00   0.0000000e+00   0.0000000e+00 
mode:  106 freq=  732.9200 
  0.0000000e+00   0.0000000e+00   0.0000000e+00 
  0.0000000e+00   0.0000000e+00   0.0000000e+00 
  0.0000000e+00   0.0000000e+00   0.0000000e+00 
mode:  107 freq=  747.2500 
  0.0000000e+00   0.0000000e+00   0.0000000e+00 
  0.0000000e+00   0.0000000e+00   0.0000000e+00 
  0.0000000e+00   0.0000000e+00   0.0000000e+00 
mode:  108 freq=  756.5900 
  0.0000000e+00   0.0000000e+00   0.0000000e+00 
  0.0000000e+00   0.0000000e+00   0.0000000e+00 
  0.0000000e+00   0.0000000e+00   0.0000000e+00 
mode:  109 freq=  762.3700 
  0.0000000e+00   0.0000000e+00   0.0000000e+00 
  0.0000000e+00   0.0000000e+00   0.0000000e+00 
  0.0000000e+00   0.0000000e+00   0.0000000e+00 
mode:  110 freq=  768.9700 
  0.0000000e+00   0.0000000e+00   0.0000000e+00 
  0.0000000e+00   0.0000000e+00   0.0000000e+00 
  0.0000000e+00   0.0000000e+00   0.0000000e+00 
mode:  111 freq=  774.7600 
  0.0000000e+00   0.0000000e+00   0.0000000e+00 
  0.0000000e+00   0.0000000e+00   0.0000000e+00 
  0.0000000e+00   0.0000000e+00   0.0000000e+00 
mode:  112 freq=  775.1400 
  0.0000000e+00   0.0000000e+00   0.0000000e+00 
  0.0000000e+00   0.0000000e+00   0.0000000e+00 
  0.0000000e+00   0.0000000e+00   0.0000000e+00 
mode:  113 freq=  782.7600 
  0.0000000e+00   0.0000000e+00   0.0000000e+00 
  0.0000000e+00   0.0000000e+00   0.0000000e+00 
  0.0000000e+00   0.0000000e+00   0.0000000e+00 
mode:  114 freq=  793.0600 
  0.0000000e+00   0.0000000e+00   0.0000000e+00 
  0.0000000e+00   0.0000000e+00   0.0000000e+00 
  0.0000000e+00   0.0000000e+00   0.0000000e+00 
mode:  115 freq=  793.7200 
  0.0000000e+00   0.0000000e+00   0.0000000e+00 
  0.0000000e+00   0.0000000e+00   0.0000000e+00 
  0.0000000e+00   0.0000000e+00   0.0000000e+00 
mode:  116 freq=  797.9000 
  0.0000000e+00   0.0000000e+00   0.0000000e+00 
  0.0000000e+00   0.0000000e+00   0.0000000e+00 
  0.0000000e+00   0.0000000e+00   0.0000000e+00 
mode:  117 freq=  812.6900 
  0.0000000e+00   0.0000000e+00   0.0000000e+00 
  0.0000000e+00   0.0000000e+00   0.0000000e+00 
  0.0000000e+00   0.0000000e+00   0.0000000e+00 
mode:  118 freq=  813.3900 
  0.0000000e+00   0.0000000e+00   0.0000000e+00 
  0.0000000e+00   0.0000000e+00   0.0000000e+00 
  0.0000000e+00   0.0000000e+00   0.0000000e+00 
mode:  119 freq=  819.3500 
  0.0000000e+00   0.0000000e+00   0.0000000e+00 
  0.0000000e+00   0.0000000e+00   0.0000000e+00 
  0.0000000e+00   0.0000000e+00   0.0000000e+00 
mode:  120 freq=  824.7400 
  0.0000000e+00   0.0000000e+00   0.0000000e+00 
  0.0000000e+00   0.0000000e+00   0.0000000e+00 
  0.0000000e+00   0.0000000e+00   0.0000000e+00 
mode:  121 freq=  844.4200 
  0.0000000e+00   0.0000000e+00   0.0000000e+00 
  0.0000000e+00   0.0000000e+00   0.0000000e+00 
  0.0000000e+00   0.0000000e+00   0.0000000e+00 
mode:  122 freq=  846.1800 
  0.0000000e+00   0.0000000e+00   0.0000000e+00 
  0.0000000e+00   0.0000000e+00   0.0000000e+00 
  0.0000000e+00   0.0000000e+00   0.0000000e+00 
mode:  123 freq=  858.3600 
  0.0000000e+00   0.0000000e+00   0.0000000e+00 
  0.0000000e+00   0.0000000e+00   0.0000000e+00 
  0.0000000e+00   0.0000000e+00   0.0000000e+00 
mode:  124 freq=  872.9200 
  0.0000000e+00   0.0000000e+00   0.0000000e+00 
  0.0000000e+00   0.0000000e+00   0.0000000e+00 
  0.0000000e+00   0.0000000e+00   0.0000000e+00 
mode:  125 freq=  877.0000 
  0.0000000e+00   0.0000000e+00   0.0000000e+00 
  0.0000000e+00   0.0000000e+00   0.0000000e+00 
  0.0000000e+00   0.0000000e+00   0.0000000e+00 
mode:  126 freq=  882.9700 
  0.0000000e+00   0.0000000e+00   0.0000000e+00 
  0.0000000e+00   0.0000000e+00   0.0000000e+00 
  0.0000000e+00   0.0000000e+00   0.0000000e+00 
mode:  127 freq=  894.5600 
  0.0000000e+00   0.0000000e+00   0.0000000e+00 
  0.0000000e+00   0.0000000e+00   0.0000000e+00 
  0.0000000e+00   0.0000000e+00   0.0000000e+00 
mode:  128 freq=  924.8000 
  0.0000000e+00   0.0000000e+00   0.0000000e+00 
  0.0000000e+00   0.0000000e+00   0.0000000e+00 
  0.0000000e+00   0.0000000e+00   0.0000000e+00 
mode:  129 freq=  927.5800 
  0.0000000e+00   0.0000000e+00   0.0000000e+00 
  0.0000000e+00   0.0000000e+00   0.0000000e+00 
  0.0000000e+00   0.0000000e+00   0.0000000e+00 
mode:  130 freq=  933.5300 
  0.0000000e+00   0.0000000e+00   0.0000000e+00 
  0.0000000e+00   0.0000000e+00   0.0000000e+00 
  0.0000000e+00   0.0000000e+00   0.0000000e+00 
mode:  131 freq=  936.4400 
  0.0000000e+00   0.0000000e+00   0.0000000e+00 
  0.0000000e+00   0.0000000e+00   0.0000000e+00 
  0.0000000e+00   0.0000000e+00   0.0000000e+00 
mode:  132 freq=  937.9900 
  0.0000000e+00   0.0000000e+00   0.0000000e+00 
  0.0000000e+00   0.0000000e+00   0.0000000e+00 
  0.0000000e+00   0.0000000e+00   0.0000000e+00 
mode:  133 freq=  938.0900 
  0.0000000e+00   0.0000000e+00   0.0000000e+00 
  0.0000000e+00   0.0000000e+00   0.0000000e+00 
  0.0000000e+00   0.0000000e+00   0.0000000e+00 
mode:  134 freq=  948.1100 
  0.0000000e+00   0.0000000e+00   0.0000000e+00 
  0.0000000e+00   0.0000000e+00   0.0000000e+00 
  0.0000000e+00   0.0000000e+00   0.0000000e+00 
mode:  135 freq=  950.2500 
  0.0000000e+00   0.0000000e+00   0.0000000e+00 
  0.0000000e+00   0.0000000e+00   0.0000000e+00 
  0.0000000e+00   0.0000000e+00   0.0000000e+00 
mode:  136 freq=  957.3000 
  0.0000000e+00   0.0000000e+00   0.0000000e+00 
  0.0000000e+00   0.0000000e+00   0.0000000e+00 
  0.0000000e+00   0.0000000e+00   0.0000000e+00 
mode:  137 freq=  959.6800 
  0.0000000e+00   0.0000000e+00   0.0000000e+00 
  0.0000000e+00   0.0000000e+00   0.0000000e+00 
  0.0000000e+00   0.0000000e+00   0.0000000e+00 
mode:  138 freq=  960.5700 
  0.0000000e+00   0.0000000e+00   0.0000000e+00 
  0.0000000e+00   0.0000000e+00   0.0000000e+00 
  0.0000000e+00   0.0000000e+00   0.0000000e+00 
mode:  139 freq=  962.0600 
  0.0000000e+00   0.0000000e+00   0.0000000e+00 
  0.0000000e+00   0.0000000e+00   0.0000000e+00 
  0.0000000e+00   0.0000000e+00   0.0000000e+00 
mode:  140 freq=  963.2300 
  0.0000000e+00   0.0000000e+00   0.0000000e+00 
  0.0000000e+00   0.0000000e+00   0.0000000e+00 
  0.0000000e+00   0.0000000e+00   0.0000000e+00 
mode:  141 freq=  967.8700 
  0.0000000e+00   0.0000000e+00   0.0000000e+00 
  0.0000000e+00   0.0000000e+00   0.0000000e+00 
  0.0000000e+00   0.0000000e+00   0.0000000e+00 
mode:  142 freq=  968.5400 
  0.0000000e+00   0.0000000e+00   0.0000000e+00 
  0.0000000e+00   0.0000000e+00   0.0000000e+00 
  0.0000000e+00   0.0000000e+00   0.0000000e+00 
mode:  143 freq=  979.9900 
  0.0000000e+00   0.0000000e+00   0.0000000e+00 
  0.0000000e+00   0.0000000e+00   0.0000000e+00 
  0.0000000e+00   0.0000000e+00   0.0000000e+00 
mode:  144 freq=  982.7600 
  0.0000000e+00   0.0000000e+00   0.0000000e+00 
  0.0000000e+00   0.0000000e+00   0.0000000e+00 
  0.0000000e+00   0.0000000e+00   0.0000000e+00 
mode:  145 freq=  990.4200 
  0.0000000e+00   0.0000000e+00   0.0000000e+00 
  0.0000000e+00   0.0000000e+00   0.0000000e+00 
  0.0000000e+00   0.0000000e+00   0.0000000e+00 
mode:  146 freq=  997.7500 
  0.0000000e+00   0.0000000e+00   0.0000000e+00 
  0.0000000e+00   0.0000000e+00   0.0000000e+00 
  0.0000000e+00   0.0000000e+00   0.0000000e+00 
mode:  147 freq= 1014.4400 
  0.0000000e+00   0.0000000e+00   0.0000000e+00 
  0.0000000e+00   0.0000000e+00   0.0000000e+00 
  0.0000000e+00   0.0000000e+00   0.0000000e+00 
mode:  148 freq= 1014.7800 
  0.0000000e+00   0.0000000e+00   0.0000000e+00 
  0.0000000e+00   0.0000000e+00   0.0000000e+00 
  0.0000000e+00   0.0000000e+00   0.0000000e+00 
mode:  149 freq= 1022.9100 
  0.0000000e+00   0.0000000e+00   0.0000000e+00 
  0.0000000e+00   0.0000000e+00   0.0000000e+00 
  0.0000000e+00   0.0000000e+00   0.0000000e+00 
mode:  150 freq= 1027.0300 
  0.0000000e+00   0.0000000e+00   0.0000000e+00 
  0.0000000e+00   0.0000000e+00   0.0000000e+00 
  0.0000000e+00   0.0000000e+00   0.0000000e+00 
mode:  151 freq= 1030.3600 
  0.0000000e+00   0.0000000e+00   0.0000000e+00 
  0.0000000e+00   0.0000000e+00   0.0000000e+00 
  0.0000000e+00   0.0000000e+00   0.0000000e+00 
mode:  152 freq= 1031.7600 
  0.0000000e+00   0.0000000e+00   0.0000000e+00 
  0.0000000e+00   0.0000000e+00   0.0000000e+00 
  0.0000000e+00   0.0000000e+00   0.0000000e+00 
mode:  153 freq= 1035.1700 
  0.0000000e+00   0.0000000e+00   0.0000000e+00 
  0.0000000e+00   0.0000000e+00   0.0000000e+00 
  0.0000000e+00   0.0000000e+00   0.0000000e+00 
mode:  154 freq= 1037.4800 
  0.0000000e+00   0.0000000e+00   0.0000000e+00 
  0.0000000e+00   0.0000000e+00   0.0000000e+00 
  0.0000000e+00   0.0000000e+00   0.0000000e+00 
mode:  155 freq= 1040.8100 
  0.0000000e+00   0.0000000e+00   0.0000000e+00 
  0.0000000e+00   0.0000000e+00   0.0000000e+00 
  0.0000000e+00   0.0000000e+00   0.0000000e+00 
mode:  156 freq= 1041.3300 
  0.0000000e+00   0.0000000e+00   0.0000000e+00 
  0.0000000e+00   0.0000000e+00   0.0000000e+00 
  0.0000000e+00   0.0000000e+00   0.0000000e+00 
mode:  157 freq= 1046.2600 
  0.0000000e+00   0.0000000e+00   0.0000000e+00 
  0.0000000e+00   0.0000000e+00   0.0000000e+00 
  0.0000000e+00   0.0000000e+00   0.0000000e+00 
mode:  158 freq= 1048.1100 
  0.0000000e+00   0.0000000e+00   0.0000000e+00 
  0.0000000e+00   0.0000000e+00   0.0000000e+00 
  0.0000000e+00   0.0000000e+00   0.0000000e+00 
mode:  159 freq= 1053.2600 
  0.0000000e+00   0.0000000e+00   0.0000000e+00 
  0.0000000e+00   0.0000000e+00   0.0000000e+00 
  0.0000000e+00   0.0000000e+00   0.0000000e+00 
mode:  160 freq= 1055.1100 
  0.0000000e+00   0.0000000e+00   0.0000000e+00 
  0.0000000e+00   0.0000000e+00   0.0000000e+00 
  0.0000000e+00   0.0000000e+00   0.0000000e+00 
mode:  161 freq= 1061.7100 
  0.0000000e+00   0.0000000e+00   0.0000000e+00 
  0.0000000e+00   0.0000000e+00   0.0000000e+00 
  0.0000000e+00   0.0000000e+00   0.0000000e+00 
mode:  162 freq= 1063.2800 
  0.0000000e+00   0.0000000e+00   0.0000000e+00 
  0.0000000e+00   0.0000000e+00   0.0000000e+00 
  0.0000000e+00   0.0000000e+00   0.0000000e+00 
mode:  163 freq= 1076.8400 
  0.0000000e+00   0.0000000e+00   0.0000000e+00 
  0.0000000e+00   0.0000000e+00   0.0000000e+00 
  0.0000000e+00   0.0000000e+00   0.0000000e+00 
mode:  164 freq= 1086.1300 
  0.0000000e+00   0.0000000e+00   0.0000000e+00 
  0.0000000e+00   0.0000000e+00   0.0000000e+00 
  0.0000000e+00   0.0000000e+00   0.0000000e+00 
mode:  165 freq= 1089.7100 
  0.0000000e+00   0.0000000e+00   0.0000000e+00 
  0.0000000e+00   0.0000000e+00   0.0000000e+00 
  0.0000000e+00   0.0000000e+00   0.0000000e+00 
mode:  166 freq= 1095.6500 
  0.0000000e+00   0.0000000e+00   0.0000000e+00 
  0.0000000e+00   0.0000000e+00   0.0000000e+00 
  0.0000000e+00   0.0000000e+00   0.0000000e+00 
mode:  167 freq= 1098.1600 
  0.0000000e+00   0.0000000e+00   0.0000000e+00 
  0.0000000e+00   0.0000000e+00   0.0000000e+00 
  0.0000000e+00   0.0000000e+00   0.0000000e+00 
mode:  168 freq= 1110.4600 
  0.0000000e+00   0.0000000e+00   0.0000000e+00 
  0.0000000e+00   0.0000000e+00   0.0000000e+00 
  0.0000000e+00   0.0000000e+00   0.0000000e+00 
mode:  169 freq= 1112.3600 
  0.0000000e+00   0.0000000e+00   0.0000000e+00 
  0.0000000e+00   0.0000000e+00   0.0000000e+00 
  0.0000000e+00   0.0000000e+00   0.0000000e+00 
mode:  170 freq= 1115.7000 
  0.0000000e+00   0.0000000e+00   0.0000000e+00 
  0.0000000e+00   0.0000000e+00   0.0000000e+00 
  0.0000000e+00   0.0000000e+00   0.0000000e+00 
mode:  171 freq= 1122.1500 
  0.0000000e+00   0.0000000e+00   0.0000000e+00 
  0.0000000e+00   0.0000000e+00   0.0000000e+00 
  0.0000000e+00   0.0000000e+00   0.0000000e+00 
mode:  172 freq= 1129.5800 
  0.0000000e+00   0.0000000e+00   0.0000000e+00 
  0.0000000e+00   0.0000000e+00   0.0000000e+00 
  0.0000000e+00   0.0000000e+00   0.0000000e+00 
mode:  173 freq= 1132.1500 
  0.0000000e+00   0.0000000e+00   0.0000000e+00 
  0.0000000e+00   0.0000000e+00   0.0000000e+00 
  0.0000000e+00   0.0000000e+00   0.0000000e+00 
mode:  174 freq= 1140.5900 
  0.0000000e+00   0.0000000e+00   0.0000000e+00 
  0.0000000e+00   0.0000000e+00   0.0000000e+00 
  0.0000000e+00   0.0000000e+00   0.0000000e+00 
mode:  175 freq= 1149.1000 
  0.0000000e+00   0.0000000e+00   0.0000000e+00 
  0.0000000e+00   0.0000000e+00   0.0000000e+00 
  0.0000000e+00   0.0000000e+00   0.0000000e+00 
mode:  176 freq= 1151.7500 
  0.0000000e+00   0.0000000e+00   0.0000000e+00 
  0.0000000e+00   0.0000000e+00   0.0000000e+00 
  0.0000000e+00   0.0000000e+00   0.0000000e+00 
mode:  177 freq= 1178.6700 
  0.0000000e+00   0.0000000e+00   0.0000000e+00 
  0.0000000e+00   0.0000000e+00   0.0000000e+00 
  0.0000000e+00   0.0000000e+00   0.0000000e+00 
mode:  178 freq= 1179.3600 
  0.0000000e+00   0.0000000e+00   0.0000000e+00 
  0.0000000e+00   0.0000000e+00   0.0000000e+00 
  0.0000000e+00   0.0000000e+00   0.0000000e+00 
mode:  179 freq= 1180.8100 
  0.0000000e+00   0.0000000e+00   0.0000000e+00 
  0.0000000e+00   0.0000000e+00   0.0000000e+00 
  0.0000000e+00   0.0000000e+00   0.0000000e+00 
mode:  180 freq= 1183.4900 
  0.0000000e+00   0.0000000e+00   0.0000000e+00 
  0.0000000e+00   0.0000000e+00   0.0000000e+00 
  0.0000000e+00   0.0000000e+00   0.0000000e+00 
mode:  181 freq= 1187.1400 
  0.0000000e+00   0.0000000e+00   0.0000000e+00 
  0.0000000e+00   0.0000000e+00   0.0000000e+00 
  0.0000000e+00   0.0000000e+00   0.0000000e+00 
mode:  182 freq= 1188.4900 
  0.0000000e+00   0.0000000e+00   0.0000000e+00 
  0.0000000e+00   0.0000000e+00   0.0000000e+00 
  0.0000000e+00   0.0000000e+00   0.0000000e+00 
mode:  183 freq= 1207.7500 
  0.0000000e+00   0.0000000e+00   0.0000000e+00 
  0.0000000e+00   0.0000000e+00   0.0000000e+00 
  0.0000000e+00   0.0000000e+00   0.0000000e+00 
mode:  184 freq= 1214.3000 
  0.0000000e+00   0.0000000e+00   0.0000000e+00 
  0.0000000e+00   0.0000000e+00   0.0000000e+00 
  0.0000000e+00   0.0000000e+00   0.0000000e+00 
mode:  185 freq= 1215.9700 
  0.0000000e+00   0.0000000e+00   0.0000000e+00 
  0.0000000e+00   0.0000000e+00   0.0000000e+00 
  0.0000000e+00   0.0000000e+00   0.0000000e+00 
mode:  186 freq= 1218.5800 
  0.0000000e+00   0.0000000e+00   0.0000000e+00 
  0.0000000e+00   0.0000000e+00   0.0000000e+00 
  0.0000000e+00   0.0000000e+00   0.0000000e+00 
mode:  187 freq= 1232.0800 
  0.0000000e+00   0.0000000e+00   0.0000000e+00 
  0.0000000e+00   0.0000000e+00   0.0000000e+00 
  0.0000000e+00   0.0000000e+00   0.0000000e+00 
mode:  188 freq= 1233.2600 
  0.0000000e+00   0.0000000e+00   0.0000000e+00 
  0.0000000e+00   0.0000000e+00   0.0000000e+00 
  0.0000000e+00   0.0000000e+00   0.0000000e+00 
mode:  189 freq= 1243.4700 
  0.0000000e+00   0.0000000e+00   0.0000000e+00 
  0.0000000e+00   0.0000000e+00   0.0000000e+00 
  0.0000000e+00   0.0000000e+00   0.0000000e+00 
mode:  190 freq= 1259.0900 
  0.0000000e+00   0.0000000e+00   0.0000000e+00 
  0.0000000e+00   0.0000000e+00   0.0000000e+00 
  0.0000000e+00   0.0000000e+00   0.0000000e+00 
mode:  191 freq= 1259.7600 
  0.0000000e+00   0.0000000e+00   0.0000000e+00 
  0.0000000e+00   0.0000000e+00   0.0000000e+00 
  0.0000000e+00   0.0000000e+00   0.0000000e+00 
mode:  192 freq= 1263.1600 
  0.0000000e+00   0.0000000e+00   0.0000000e+00 
  0.0000000e+00   0.0000000e+00   0.0000000e+00 
  0.0000000e+00   0.0000000e+00   0.0000000e+00 
mode:  193 freq= 1265.0000 
  0.0000000e+00   0.0000000e+00   0.0000000e+00 
  0.0000000e+00   0.0000000e+00   0.0000000e+00 
  0.0000000e+00   0.0000000e+00   0.0000000e+00 
mode:  194 freq= 1268.7800 
  0.0000000e+00   0.0000000e+00   0.0000000e+00 
  0.0000000e+00   0.0000000e+00   0.0000000e+00 
  0.0000000e+00   0.0000000e+00   0.0000000e+00 
mode:  195 freq= 1270.3100 
  0.0000000e+00   0.0000000e+00   0.0000000e+00 
  0.0000000e+00   0.0000000e+00   0.0000000e+00 
  0.0000000e+00   0.0000000e+00   0.0000000e+00 
mode:  196 freq= 1280.5400 
  0.0000000e+00   0.0000000e+00   0.0000000e+00 
  0.0000000e+00   0.0000000e+00   0.0000000e+00 
  0.0000000e+00   0.0000000e+00   0.0000000e+00 
mode:  197 freq= 1293.4000 
  0.0000000e+00   0.0000000e+00   0.0000000e+00 
  0.0000000e+00   0.0000000e+00   0.0000000e+00 
  0.0000000e+00   0.0000000e+00   0.0000000e+00 
mode:  198 freq= 1298.1400 
  0.0000000e+00   0.0000000e+00   0.0000000e+00 
  0.0000000e+00   0.0000000e+00   0.0000000e+00 
  0.0000000e+00   0.0000000e+00   0.0000000e+00 
mode:  199 freq= 1298.4200 
  0.0000000e+00   0.0000000e+00   0.0000000e+00 
  0.0000000e+00   0.0000000e+00   0.0000000e+00 
  0.0000000e+00   0.0000000e+00   0.0000000e+00 
mode:  200 freq= 1308.7200 
  0.0000000e+00   0.0000000e+00   0.0000000e+00 
  0.0000000e+00   0.0000000e+00   0.0000000e+00 
  0.0000000e+00   0.0000000e+00   0.0000000e+00 
mode:  201 freq= 1320.6100 
  0.0000000e+00   0.0000000e+00   0.0000000e+00 
  0.0000000e+00   0.0000000e+00   0.0000000e+00 
  0.0000000e+00   0.0000000e+00   0.0000000e+00 
mode:  202 freq= 1324.5000 
  0.0000000e+00   0.0000000e+00   0.0000000e+00 
  0.0000000e+00   0.0000000e+00   0.0000000e+00 
  0.0000000e+00   0.0000000e+00   0.0000000e+00 
mode:  203 freq= 1325.4500 
  0.0000000e+00   0.0000000e+00   0.0000000e+00 
  0.0000000e+00   0.0000000e+00   0.0000000e+00 
  0.0000000e+00   0.0000000e+00   0.0000000e+00 
mode:  204 freq= 1337.9400 
  0.0000000e+00   0.0000000e+00   0.0000000e+00 
  0.0000000e+00   0.0000000e+00   0.0000000e+00 
  0.0000000e+00   0.0000000e+00   0.0000000e+00 
mode:  205 freq= 1351.4300 
  0.0000000e+00   0.0000000e+00   0.0000000e+00 
  0.0000000e+00   0.0000000e+00   0.0000000e+00 
  0.0000000e+00   0.0000000e+00   0.0000000e+00 
mode:  206 freq= 1357.0800 
  0.0000000e+00   0.0000000e+00   0.0000000e+00 
  0.0000000e+00   0.0000000e+00   0.0000000e+00 
  0.0000000e+00   0.0000000e+00   0.0000000e+00 
mode:  207 freq= 1358.8500 
  0.0000000e+00   0.0000000e+00   0.0000000e+00 
  0.0000000e+00   0.0000000e+00   0.0000000e+00 
  0.0000000e+00   0.0000000e+00   0.0000000e+00 
mode:  208 freq= 1364.2300 
  0.0000000e+00   0.0000000e+00   0.0000000e+00 
  0.0000000e+00   0.0000000e+00   0.0000000e+00 
  0.0000000e+00   0.0000000e+00   0.0000000e+00 
mode:  209 freq= 1373.4500 
  0.0000000e+00   0.0000000e+00   0.0000000e+00 
  0.0000000e+00   0.0000000e+00   0.0000000e+00 
  0.0000000e+00   0.0000000e+00   0.0000000e+00 
mode:  210 freq= 1382.8900 
  0.0000000e+00   0.0000000e+00   0.0000000e+00 
  0.0000000e+00   0.0000000e+00   0.0000000e+00 
  0.0000000e+00   0.0000000e+00   0.0000000e+00 
mode:  211 freq= 1383.5300 
  0.0000000e+00   0.0000000e+00   0.0000000e+00 
  0.0000000e+00   0.0000000e+00   0.0000000e+00 
  0.0000000e+00   0.0000000e+00   0.0000000e+00 
mode:  212 freq= 1384.3300 
  0.0000000e+00   0.0000000e+00   0.0000000e+00 
  0.0000000e+00   0.0000000e+00   0.0000000e+00 
  0.0000000e+00   0.0000000e+00   0.0000000e+00 
mode:  213 freq= 1388.9500 
  0.0000000e+00   0.0000000e+00   0.0000000e+00 
  0.0000000e+00   0.0000000e+00   0.0000000e+00 
  0.0000000e+00   0.0000000e+00   0.0000000e+00 
mode:  214 freq= 1390.0800 
  0.0000000e+00   0.0000000e+00   0.0000000e+00 
  0.0000000e+00   0.0000000e+00   0.0000000e+00 
  0.0000000e+00   0.0000000e+00   0.0000000e+00 
mode:  215 freq= 1395.3300 
  0.0000000e+00   0.0000000e+00   0.0000000e+00 
  0.0000000e+00   0.0000000e+00   0.0000000e+00 
  0.0000000e+00   0.0000000e+00   0.0000000e+00 
mode:  216 freq= 1395.5600 
  0.0000000e+00   0.0000000e+00   0.0000000e+00 
  0.0000000e+00   0.0000000e+00   0.0000000e+00 
  0.0000000e+00   0.0000000e+00   0.0000000e+00 
mode:  217 freq= 1405.7400 
  0.0000000e+00   0.0000000e+00   0.0000000e+00 
  0.0000000e+00   0.0000000e+00   0.0000000e+00 
  0.0000000e+00   0.0000000e+00   0.0000000e+00 
mode:  218 freq= 1406.1600 
  0.0000000e+00   0.0000000e+00   0.0000000e+00 
  0.0000000e+00   0.0000000e+00   0.0000000e+00 
  0.0000000e+00   0.0000000e+00   0.0000000e+00 
mode:  219 freq= 1407.1300 
  0.0000000e+00   0.0000000e+00   0.0000000e+00 
  0.0000000e+00   0.0000000e+00   0.0000000e+00 
  0.0000000e+00   0.0000000e+00   0.0000000e+00 
mode:  220 freq= 1409.2100 
  0.0000000e+00   0.0000000e+00   0.0000000e+00 
  0.0000000e+00   0.0000000e+00   0.0000000e+00 
  0.0000000e+00   0.0000000e+00   0.0000000e+00 
mode:  221 freq= 1414.4000 
  0.0000000e+00   0.0000000e+00   0.0000000e+00 
  0.0000000e+00   0.0000000e+00   0.0000000e+00 
  0.0000000e+00   0.0000000e+00   0.0000000e+00 
mode:  222 freq= 1420.4500 
  0.0000000e+00   0.0000000e+00   0.0000000e+00 
  0.0000000e+00   0.0000000e+00   0.0000000e+00 
  0.0000000e+00   0.0000000e+00   0.0000000e+00 
mode:  223 freq= 1428.1500 
  0.0000000e+00   0.0000000e+00   0.0000000e+00 
  0.0000000e+00   0.0000000e+00   0.0000000e+00 
  0.0000000e+00   0.0000000e+00   0.0000000e+00 
mode:  224 freq= 1434.7500 
  0.0000000e+00   0.0000000e+00   0.0000000e+00 
  0.0000000e+00   0.0000000e+00   0.0000000e+00 
  0.0000000e+00   0.0000000e+00   0.0000000e+00 
mode:  225 freq= 1435.2800 
  0.0000000e+00   0.0000000e+00   0.0000000e+00 
  0.0000000e+00   0.0000000e+00   0.0000000e+00 
  0.0000000e+00   0.0000000e+00   0.0000000e+00 
mode:  226 freq= 1444.3700 
  0.0000000e+00   0.0000000e+00   0.0000000e+00 
  0.0000000e+00   0.0000000e+00   0.0000000e+00 
  0.0000000e+00   0.0000000e+00   0.0000000e+00 
mode:  227 freq= 1445.0700 
  0.0000000e+00   0.0000000e+00   0.0000000e+00 
  0.0000000e+00   0.0000000e+00   0.0000000e+00 
  0.0000000e+00   0.0000000e+00   0.0000000e+00 
mode:  228 freq= 1445.2200 
  0.0000000e+00   0.0000000e+00   0.0000000e+00 
  0.0000000e+00   0.0000000e+00   0.0000000e+00 
  0.0000000e+00   0.0000000e+00   0.0000000e+00 
mode:  229 freq= 1448.6900 
  0.0000000e+00   0.0000000e+00   0.0000000e+00 
  0.0000000e+00   0.0000000e+00   0.0000000e+00 
  0.0000000e+00   0.0000000e+00   0.0000000e+00 
mode:  230 freq= 1449.4000 
  0.0000000e+00   0.0000000e+00   0.0000000e+00 
  0.0000000e+00   0.0000000e+00   0.0000000e+00 
  0.0000000e+00   0.0000000e+00   0.0000000e+00 
mode:  231 freq= 1452.1500 
  0.0000000e+00   0.0000000e+00   0.0000000e+00 
  0.0000000e+00   0.0000000e+00   0.0000000e+00 
  0.0000000e+00   0.0000000e+00   0.0000000e+00 
mode:  232 freq= 1452.3200 
  0.0000000e+00   0.0000000e+00   0.0000000e+00 
  0.0000000e+00   0.0000000e+00   0.0000000e+00 
  0.0000000e+00   0.0000000e+00   0.0000000e+00 
mode:  233 freq= 1454.3600 
  0.0000000e+00   0.0000000e+00   0.0000000e+00 
  0.0000000e+00   0.0000000e+00   0.0000000e+00 
  0.0000000e+00   0.0000000e+00   0.0000000e+00 
mode:  234 freq= 1455.5300 
  0.0000000e+00   0.0000000e+00   0.0000000e+00 
  0.0000000e+00   0.0000000e+00   0.0000000e+00 
  0.0000000e+00   0.0000000e+00   0.0000000e+00 
mode:  235 freq= 1455.9000 
  0.0000000e+00   0.0000000e+00   0.0000000e+00 
  0.0000000e+00   0.0000000e+00   0.0000000e+00 
  0.0000000e+00   0.0000000e+00   0.0000000e+00 
mode:  236 freq= 1459.5700 
  0.0000000e+00   0.0000000e+00   0.0000000e+00 
  0.0000000e+00   0.0000000e+00   0.0000000e+00 
  0.0000000e+00   0.0000000e+00   0.0000000e+00 
mode:  237 freq= 1461.4000 
  0.0000000e+00   0.0000000e+00   0.0000000e+00 
  0.0000000e+00   0.0000000e+00   0.0000000e+00 
  0.0000000e+00   0.0000000e+00   0.0000000e+00 
mode:  238 freq= 1462.2500 
  0.0000000e+00   0.0000000e+00   0.0000000e+00 
  0.0000000e+00   0.0000000e+00   0.0000000e+00 
  0.0000000e+00   0.0000000e+00   0.0000000e+00 
mode:  239 freq= 1463.9300 
  0.0000000e+00   0.0000000e+00   0.0000000e+00 
  0.0000000e+00   0.0000000e+00   0.0000000e+00 
  0.0000000e+00   0.0000000e+00   0.0000000e+00 
mode:  240 freq= 1466.8800 
  0.0000000e+00   0.0000000e+00   0.0000000e+00 
  0.0000000e+00   0.0000000e+00   0.0000000e+00 
  0.0000000e+00   0.0000000e+00   0.0000000e+00 
mode:  241 freq= 1471.4300 
  0.0000000e+00   0.0000000e+00   0.0000000e+00 
  0.0000000e+00   0.0000000e+00   0.0000000e+00 
  0.0000000e+00   0.0000000e+00   0.0000000e+00 
mode:  242 freq= 1478.0300 
  0.0000000e+00   0.0000000e+00   0.0000000e+00 
  0.0000000e+00   0.0000000e+00   0.0000000e+00 
  0.0000000e+00   0.0000000e+00   0.0000000e+00 
mode:  243 freq= 1479.9200 
  0.0000000e+00   0.0000000e+00   0.0000000e+00 
  0.0000000e+00   0.0000000e+00   0.0000000e+00 
  0.0000000e+00   0.0000000e+00   0.0000000e+00 
mode:  244 freq= 1481.4200 
  0.0000000e+00   0.0000000e+00   0.0000000e+00 
  0.0000000e+00   0.0000000e+00   0.0000000e+00 
  0.0000000e+00   0.0000000e+00   0.0000000e+00 
mode:  245 freq= 1481.9500 
  0.0000000e+00   0.0000000e+00   0.0000000e+00 
  0.0000000e+00   0.0000000e+00   0.0000000e+00 
  0.0000000e+00   0.0000000e+00   0.0000000e+00 
mode:  246 freq= 1484.4600 
  0.0000000e+00   0.0000000e+00   0.0000000e+00 
  0.0000000e+00   0.0000000e+00   0.0000000e+00 
  0.0000000e+00   0.0000000e+00   0.0000000e+00 
mode:  247 freq= 1485.0200 
  0.0000000e+00   0.0000000e+00   0.0000000e+00 
  0.0000000e+00   0.0000000e+00   0.0000000e+00 
  0.0000000e+00   0.0000000e+00   0.0000000e+00 
mode:  248 freq= 1490.0000 
  0.0000000e+00   0.0000000e+00   0.0000000e+00 
  0.0000000e+00   0.0000000e+00   0.0000000e+00 
  0.0000000e+00   0.0000000e+00   0.0000000e+00 
mode:  249 freq= 1491.0200 
  0.0000000e+00   0.0000000e+00   0.0000000e+00 
  0.0000000e+00   0.0000000e+00   0.0000000e+00 
  0.0000000e+00   0.0000000e+00   0.0000000e+00 
mode:  250 freq= 1492.0900 
  0.0000000e+00   0.0000000e+00   0.0000000e+00 
  0.0000000e+00   0.0000000e+00   0.0000000e+00 
  0.0000000e+00   0.0000000e+00   0.0000000e+00 
mode:  251 freq= 1494.3200 
  0.0000000e+00   0.0000000e+00   0.0000000e+00 
  0.0000000e+00   0.0000000e+00   0.0000000e+00 
  0.0000000e+00   0.0000000e+00   0.0000000e+00 
mode:  252 freq= 1497.4400 
  0.0000000e+00   0.0000000e+00   0.0000000e+00 
  0.0000000e+00   0.0000000e+00   0.0000000e+00 
  0.0000000e+00   0.0000000e+00   0.0000000e+00 
mode:  253 freq= 1511.6000 
  0.0000000e+00   0.0000000e+00   0.0000000e+00 
  0.0000000e+00   0.0000000e+00   0.0000000e+00 
  0.0000000e+00   0.0000000e+00   0.0000000e+00 
mode:  254 freq= 1516.2100 
  0.0000000e+00   0.0000000e+00   0.0000000e+00 
  0.0000000e+00   0.0000000e+00   0.0000000e+00 
  0.0000000e+00   0.0000000e+00   0.0000000e+00 
mode:  255 freq= 1517.3300 
  0.0000000e+00   0.0000000e+00   0.0000000e+00 
  0.0000000e+00   0.0000000e+00   0.0000000e+00 
  0.0000000e+00   0.0000000e+00   0.0000000e+00 
mode:  256 freq= 1519.0000 
  0.0000000e+00   0.0000000e+00   0.0000000e+00 
  0.0000000e+00   0.0000000e+00   0.0000000e+00 
  0.0000000e+00   0.0000000e+00   0.0000000e+00 
mode:  257 freq= 1539.4000 
  0.0000000e+00   0.0000000e+00   0.0000000e+00 
  0.0000000e+00   0.0000000e+00   0.0000000e+00 
  0.0000000e+00   0.0000000e+00   0.0000000e+00 
mode:  258 freq= 1562.4300 
  0.0000000e+00   0.0000000e+00   0.0000000e+00 
  0.0000000e+00   0.0000000e+00   0.0000000e+00 
  0.0000000e+00   0.0000000e+00   0.0000000e+00 
mode:  259 freq= 1579.9200 
  0.0000000e+00   0.0000000e+00   0.0000000e+00 
  0.0000000e+00   0.0000000e+00   0.0000000e+00 
  0.0000000e+00   0.0000000e+00   0.0000000e+00 
mode:  260 freq= 1629.9100 
  0.0000000e+00   0.0000000e+00   0.0000000e+00 
  0.0000000e+00   0.0000000e+00   0.0000000e+00 
  0.0000000e+00   0.0000000e+00   0.0000000e+00 
mode:  261 freq= 1641.7400 
  0.0000000e+00   0.0000000e+00   0.0000000e+00 
  0.0000000e+00   0.0000000e+00   0.0000000e+00 
  0.0000000e+00   0.0000000e+00   0.0000000e+00 
mode:  262 freq= 1660.8500 
  0.0000000e+00   0.0000000e+00   0.0000000e+00 
  0.0000000e+00   0.0000000e+00   0.0000000e+00 
  0.0000000e+00   0.0000000e+00   0.0000000e+00 
mode:  263 freq= 1665.8400 
  0.0000000e+00   0.0000000e+00   0.0000000e+00 
  0.0000000e+00   0.0000000e+00   0.0000000e+00 
  0.0000000e+00   0.0000000e+00   0.0000000e+00 
mode:  264 freq= 1670.0700 
  0.0000000e+00   0.0000000e+00   0.0000000e+00 
  0.0000000e+00   0.0000000e+00   0.0000000e+00 
  0.0000000e+00   0.0000000e+00   0.0000000e+00 
mode:  265 freq= 1673.3200 
  0.0000000e+00   0.0000000e+00   0.0000000e+00 
  0.0000000e+00   0.0000000e+00   0.0000000e+00 
  0.0000000e+00   0.0000000e+00   0.0000000e+00 
mode:  266 freq= 1682.4100 
  0.0000000e+00   0.0000000e+00   0.0000000e+00 
  0.0000000e+00   0.0000000e+00   0.0000000e+00 
  0.0000000e+00   0.0000000e+00   0.0000000e+00 
mode:  267 freq= 1683.1500 
  0.0000000e+00   0.0000000e+00   0.0000000e+00 
  0.0000000e+00   0.0000000e+00   0.0000000e+00 
  0.0000000e+00   0.0000000e+00   0.0000000e+00 
mode:  268 freq= 1684.6300 
  0.0000000e+00   0.0000000e+00   0.0000000e+00 
  0.0000000e+00   0.0000000e+00   0.0000000e+00 
  0.0000000e+00   0.0000000e+00   0.0000000e+00 
mode:  269 freq= 1688.1900 
  0.0000000e+00   0.0000000e+00   0.0000000e+00 
  0.0000000e+00   0.0000000e+00   0.0000000e+00 
  0.0000000e+00   0.0000000e+00   0.0000000e+00 
mode:  270 freq= 1703.4900 
  0.0000000e+00   0.0000000e+00   0.0000000e+00 
  0.0000000e+00   0.0000000e+00   0.0000000e+00 
  0.0000000e+00   0.0000000e+00   0.0000000e+00 
mode:  271 freq= 1745.4200 
  0.0000000e+00   0.0000000e+00   0.0000000e+00 
  0.0000000e+00   0.0000000e+00   0.0000000e+00 
  0.0000000e+00   0.0000000e+00   0.0000000e+00 
mode:  272 freq= 3040.5900 
  0.0000000e+00   0.0000000e+00   0.0000000e+00 
  0.0000000e+00   0.0000000e+00   0.0000000e+00 
  0.0000000e+00   0.0000000e+00   0.0000000e+00 
mode:  273 freq= 3040.8100 
  0.0000000e+00   0.0000000e+00   0.0000000e+00 
  0.0000000e+00   0.0000000e+00   0.0000000e+00 
  0.0000000e+00   0.0000000e+00   0.0000000e+00 
mode:  274 freq= 3059.3700 
  0.0000000e+00   0.0000000e+00   0.0000000e+00 
  0.0000000e+00   0.0000000e+00   0.0000000e+00 
  0.0000000e+00   0.0000000e+00   0.0000000e+00 
mode:  275 freq= 3059.7800 
  0.0000000e+00   0.0000000e+00   0.0000000e+00 
  0.0000000e+00   0.0000000e+00   0.0000000e+00 
  0.0000000e+00   0.0000000e+00   0.0000000e+00 
mode:  276 freq= 3067.4100 
  0.0000000e+00   0.0000000e+00   0.0000000e+00 
  0.0000000e+00   0.0000000e+00   0.0000000e+00 
  0.0000000e+00   0.0000000e+00   0.0000000e+00 
mode:  277 freq= 3068.1900 
  0.0000000e+00   0.0000000e+00   0.0000000e+00 
  0.0000000e+00   0.0000000e+00   0.0000000e+00 
  0.0000000e+00   0.0000000e+00   0.0000000e+00 
mode:  278 freq= 3070.0900 
  0.0000000e+00   0.0000000e+00   0.0000000e+00 
  0.0000000e+00   0.0000000e+00   0.0000000e+00 
  0.0000000e+00   0.0000000e+00   0.0000000e+00 
mode:  279 freq= 3070.8200 
  0.0000000e+00   0.0000000e+00   0.0000000e+00 
  0.0000000e+00   0.0000000e+00   0.0000000e+00 
  0.0000000e+00   0.0000000e+00   0.0000000e+00 
mode:  280 freq= 3080.5400 
  0.0000000e+00   0.0000000e+00   0.0000000e+00 
  0.0000000e+00   0.0000000e+00   0.0000000e+00 
  0.0000000e+00   0.0000000e+00   0.0000000e+00 
mode:  281 freq= 3081.6200 
  0.0000000e+00   0.0000000e+00   0.0000000e+00 
  0.0000000e+00   0.0000000e+00   0.0000000e+00 
  0.0000000e+00   0.0000000e+00   0.0000000e+00 
mode:  282 freq= 3081.6800 
  0.0000000e+00   0.0000000e+00   0.0000000e+00 
  0.0000000e+00   0.0000000e+00   0.0000000e+00 
  0.0000000e+00   0.0000000e+00   0.0000000e+00 
mode:  283 freq= 3085.2200 
  0.0000000e+00   0.0000000e+00   0.0000000e+00 
  0.0000000e+00   0.0000000e+00   0.0000000e+00 
  0.0000000e+00   0.0000000e+00   0.0000000e+00 
mode:  284 freq= 3085.5400 
  0.0000000e+00   0.0000000e+00   0.0000000e+00 
  0.0000000e+00   0.0000000e+00   0.0000000e+00 
  0.0000000e+00   0.0000000e+00   0.0000000e+00 
mode:  285 freq= 3121.7100 
  0.0000000e+00   0.0000000e+00   0.0000000e+00 
  0.0000000e+00   0.0000000e+00   0.0000000e+00 
  0.0000000e+00   0.0000000e+00   0.0000000e+00 
mode:  286 freq= 3123.2300 
  0.0000000e+00   0.0000000e+00   0.0000000e+00 
  0.0000000e+00   0.0000000e+00   0.0000000e+00 
  0.0000000e+00   0.0000000e+00   0.0000000e+00 
mode:  287 freq= 3124.3000 
  0.0000000e+00   0.0000000e+00   0.0000000e+00 
  0.0000000e+00   0.0000000e+00   0.0000000e+00 
  0.0000000e+00   0.0000000e+00   0.0000000e+00 
mode:  288 freq= 3125.8500 
  0.0000000e+00   0.0000000e+00   0.0000000e+00 
  0.0000000e+00   0.0000000e+00   0.0000000e+00 
  0.0000000e+00   0.0000000e+00   0.0000000e+00 
mode:  289 freq= 3159.5900 
  0.0000000e+00   0.0000000e+00   0.0000000e+00 
  0.0000000e+00   0.0000000e+00   0.0000000e+00 
  0.0000000e+00   0.0000000e+00   0.0000000e+00 
mode:  290 freq= 3160.0500 
  0.0000000e+00   0.0000000e+00   0.0000000e+00 
  0.0000000e+00   0.0000000e+00   0.0000000e+00 
  0.0000000e+00   0.0000000e+00   0.0000000e+00 
mode:  291 freq= 3166.7200 
  0.0000000e+00   0.0000000e+00   0.0000000e+00 
  0.0000000e+00   0.0000000e+00   0.0000000e+00 
  0.0000000e+00   0.0000000e+00   0.0000000e+00 
mode:  292 freq= 3166.7500 
  0.0000000e+00   0.0000000e+00   0.0000000e+00 
  0.0000000e+00   0.0000000e+00   0.0000000e+00 
  0.0000000e+00   0.0000000e+00   0.0000000e+00 
mode:  293 freq= 3169.2200 
  0.0000000e+00   0.0000000e+00   0.0000000e+00 
  0.0000000e+00   0.0000000e+00   0.0000000e+00 
  0.0000000e+00   0.0000000e+00   0.0000000e+00 
mode:  294 freq= 3169.5400 
  0.0000000e+00   0.0000000e+00   0.0000000e+00 
  0.0000000e+00   0.0000000e+00   0.0000000e+00 
  0.0000000e+00   0.0000000e+00   0.0000000e+00 
mode:  295 freq= 3169.6700 
  0.0000000e+00   0.0000000e+00   0.0000000e+00 
  0.0000000e+00   0.0000000e+00   0.0000000e+00 
  0.0000000e+00   0.0000000e+00   0.0000000e+00 
mode:  296 freq= 3170.3400 
  0.0000000e+00   0.0000000e+00   0.0000000e+00 
  0.0000000e+00   0.0000000e+00   0.0000000e+00 
  0.0000000e+00   0.0000000e+00   0.0000000e+00 
mode:  297 freq= 3173.1400 
  0.0000000e+00   0.0000000e+00   0.0000000e+00 
  0.0000000e+00   0.0000000e+00   0.0000000e+00 
  0.0000000e+00   0.0000000e+00   0.0000000e+00 
mode:  298 freq= 3173.4100 
  0.0000000e+00   0.0000000e+00   0.0000000e+00 
  0.0000000e+00   0.0000000e+00   0.0000000e+00 
  0.0000000e+00   0.0000000e+00   0.0000000e+00 
mode:  299 freq= 3173.5000 
  0.0000000e+00   0.0000000e+00   0.0000000e+00 
  0.0000000e+00   0.0000000e+00   0.0000000e+00 
  0.0000000e+00   0.0000000e+00   0.0000000e+00 
mode:  300 freq= 3188.6300 
  0.0000000e+00   0.0000000e+00   0.0000000e+00 
  0.0000000e+00   0.0000000e+00   0.0000000e+00 
  0.0000000e+00   0.0000000e+00   0.0000000e+00 
mode:  301 freq= 3190.0200 
  0.0000000e+00   0.0000000e+00   0.0000000e+00 
  0.0000000e+00   0.0000000e+00   0.0000000e+00 
  0.0000000e+00   0.0000000e+00   0.0000000e+00 
mode:  302 freq= 3190.1300 
  0.0000000e+00   0.0000000e+00   0.0000000e+00 
  0.0000000e+00   0.0000000e+00   0.0000000e+00 
  0.0000000e+00   0.0000000e+00   0.0000000e+00 
mode:  303 freq= 3194.3900 
  0.0000000e+00   0.0000000e+00   0.0000000e+00 
  0.0000000e+00   0.0000000e+00   0.0000000e+00 
  0.0000000e+00   0.0000000e+00   0.0000000e+00 
mode:  304 freq= 3206.4900 
  0.0000000e+00   0.0000000e+00   0.0000000e+00 
  0.0000000e+00   0.0000000e+00   0.0000000e+00 
  0.0000000e+00   0.0000000e+00   0.0000000e+00 
mode:  305 freq= 3206.5200 
  0.0000000e+00   0.0000000e+00   0.0000000e+00 
  0.0000000e+00   0.0000000e+00   0.0000000e+00 
  0.0000000e+00   0.0000000e+00   0.0000000e+00 
mode:  306 freq= 3207.3300 
  0.0000000e+00   0.0000000e+00   0.0000000e+00 
  0.0000000e+00   0.0000000e+00   0.0000000e+00 
  0.0000000e+00   0.0000000e+00   0.0000000e+00 
mode:  307 freq= 3217.8300 
  0.0000000e+00   0.0000000e+00   0.0000000e+00 
  0.0000000e+00   0.0000000e+00   0.0000000e+00 
  0.0000000e+00   0.0000000e+00   0.0000000e+00 
mode:  308 freq= 3221.0200 
  0.0000000e+00   0.0000000e+00   0.0000000e+00 
  0.0000000e+00   0.0000000e+00   0.0000000e+00 
  0.0000000e+00   0.0000000e+00   0.0000000e+00 
mode:  309 freq= 3225.6100 
  0.0000000e+00   0.0000000e+00   0.0000000e+00 
  0.0000000e+00   0.0000000e+00   0.0000000e+00 
  0.0000000e+00   0.0000000e+00   0.0000000e+00 
mode:  310 freq= 3225.7100 
  0.0000000e+00   0.0000000e+00   0.0000000e+00 
  0.0000000e+00   0.0000000e+00   0.0000000e+00 
  0.0000000e+00   0.0000000e+00   0.0000000e+00 
mode:  311 freq= 3225.8500 
  0.0000000e+00   0.0000000e+00   0.0000000e+00 
  0.0000000e+00   0.0000000e+00   0.0000000e+00 
  0.0000000e+00   0.0000000e+00   0.0000000e+00 
mode:  312 freq= 3228.0800 
  0.0000000e+00   0.0000000e+00   0.0000000e+00 
  0.0000000e+00   0.0000000e+00   0.0000000e+00 
  0.0000000e+00   0.0000000e+00   0.0000000e+00 
mode:  313 freq= 3232.9900 
  0.0000000e+00   0.0000000e+00   0.0000000e+00 
  0.0000000e+00   0.0000000e+00   0.0000000e+00 
  0.0000000e+00   0.0000000e+00   0.0000000e+00 
mode:  314 freq= 3234.1500 
  0.0000000e+00   0.0000000e+00   0.0000000e+00 
  0.0000000e+00   0.0000000e+00   0.0000000e+00 
  0.0000000e+00   0.0000000e+00   0.0000000e+00 
mode:  315 freq= 3234.6100 
  0.0000000e+00   0.0000000e+00   0.0000000e+00 
  0.0000000e+00   0.0000000e+00   0.0000000e+00 
  0.0000000e+00   0.0000000e+00   0.0000000e+00 
mode:  316 freq= 3237.0600 
  0.0000000e+00   0.0000000e+00   0.0000000e+00 
  0.0000000e+00   0.0000000e+00   0.0000000e+00 
  0.0000000e+00   0.0000000e+00   0.0000000e+00 
mode:  317 freq= 3238.9600 
  0.0000000e+00   0.0000000e+00   0.0000000e+00 
  0.0000000e+00   0.0000000e+00   0.0000000e+00 
  0.0000000e+00   0.0000000e+00   0.0000000e+00 
mode:  318 freq= 3241.3000 
  0.0000000e+00   0.0000000e+00   0.0000000e+00 
  0.0000000e+00   0.0000000e+00   0.0000000e+00 
  0.0000000e+00   0.0000000e+00   0.0000000e+00 
mode:  319 freq= 3241.6100 
  0.0000000e+00   0.0000000e+00   0.0000000e+00 
  0.0000000e+00   0.0000000e+00   0.0000000e+00 
  0.0000000e+00   0.0000000e+00   0.0000000e+00 
mode:  320 freq= 3241.7800 
  0.0000000e+00   0.0000000e+00   0.0000000e+00 
  0.0000000e+00   0.0000000e+00   0.0000000e+00 
  0.0000000e+00   0.0000000e+00   0.0000000e+00 
mode:  321 freq= 3244.6800 
  0.0000000e+00   0.0000000e+00   0.0000000e+00 
  0.0000000e+00   0.0000000e+00   0.0000000e+00 
  0.0000000e+00   0.0000000e+00   0.0000000e+00 
mode:  322 freq= 3249.0800 
  0.0000000e+00   0.0000000e+00   0.0000000e+00 
  0.0000000e+00   0.0000000e+00   0.0000000e+00 
  0.0000000e+00   0.0000000e+00   0.0000000e+00 
mode:  323 freq= 3255.0000 
  0.0000000e+00   0.0000000e+00   0.0000000e+00 
  0.0000000e+00   0.0000000e+00   0.0000000e+00 
  0.0000000e+00   0.0000000e+00   0.0000000e+00 
