unit: cm^{-1}, only max(dg)>1.000e-04 are saved; dg/dQ_alpha * Q_alpha 
mode:    6 freq=   11.4900 
 -3.7253283e-04  -2.3555716e-03  -4.2147268e-04 
 -1.8838996e-03   2.0573284e-04   1.1385457e-06 
 -6.7074348e-04   3.6216078e-05  -1.0479732e-03 
mode:    7 freq=   18.9700 
 -5.8966140e-04  -2.4272204e-03  -1.5410747e-04 
 -2.1609748e-03  -7.1785417e-04   1.9042204e-04 
 -5.6685310e-05   3.5537152e-04  -9.0870137e-04 
mode:    8 freq=   26.8800 
 -8.0970693e-04   1.1431529e-03   1.1175123e-03 
  9.1148242e-04  -1.3814634e-03  -2.0087298e-04 
  7.0182012e-04  -3.7426870e-04   1.4989427e-03 
mode:    9 freq=   34.6100 
 -1.8825245e-04   4.9842629e-04   1.1218700e-03 
  5.7274054e-04   4.5180482e-05   1.5825385e-04 
  1.1455082e-03   1.5964828e-04   8.7480561e-04 
mode:   10 freq=   40.0800 
 -3.4240494e-03   9.1202745e-04   4.0156025e-03 
  7.3493455e-04  -2.3459683e-03   9.4171112e-04 
  3.8616906e-03   7.8200469e-04   9.3514578e-04 
mode:   11 freq=   41.8900 
 -2.4758735e-03   1.7297738e-04   2.8902145e-03 
 -4.9683395e-05  -4.2894071e-04   4.6784412e-04 
  2.7022544e-03   3.9185291e-04   6.8341060e-04 
mode:   12 freq=   44.6900 
 -9.1006471e-04  -2.3186882e-04   5.9655045e-04 
 -2.8954820e-04  -8.8363115e-04   2.1596245e-04 
  6.1835131e-04   1.9696698e-04  -1.7170885e-05 
mode:   13 freq=   53.6700 
  7.5782814e-04  -3.4987143e-04  -3.5251675e-04 
 -4.0256992e-04   2.4422137e-03  -8.7396004e-04 
 -4.0460745e-04  -9.9929045e-04   1.3512230e-03 
mode:   14 freq=   61.7000 
  1.6651467e-03  -5.4112243e-05  -1.9889963e-03 
  3.3513023e-05   1.0687090e-03  -4.7688801e-05 
 -1.7169976e-03  -5.5034144e-05  -6.3928029e-04 
mode:   15 freq=   65.0100 
 -8.4889495e-04   5.3697040e-04   1.5089583e-03 
  3.8740526e-04  -1.5853338e-04  -1.6556020e-05 
  1.3561347e-03   2.4339696e-04   5.2195587e-04 
mode:   16 freq=   68.4600 
  1.2500830e-03  -3.3499050e-04  -1.2887208e-03 
 -3.6100431e-04   1.4055214e-03  -4.3422199e-04 
 -1.2920189e-03  -4.9285996e-04   5.5546517e-05 
mode:   17 freq=   74.0100 
  2.7545237e-03  -2.9750508e-04  -3.4604908e-03 
 -2.1597528e-04   1.2261647e-03  -3.4243199e-04 
 -3.3120353e-03  -2.8394561e-04  -1.0460898e-03 
mode:   18 freq=   76.6400 
  1.8664741e-04   6.6215160e-04   3.2195548e-04 
  3.9477937e-04   1.7865592e-04  -2.5412729e-04 
  2.3871600e-04  -3.5571466e-04   9.3133472e-04 
mode:   19 freq=   87.0900 
 -1.5984607e-03  -5.1385301e-04   1.1456144e-03 
 -6.3790620e-04  -1.6895797e-03   2.1658712e-04 
  1.0198238e-03   5.3332185e-05  -3.8260374e-04 
mode:   20 freq=   96.3200 
  9.3053814e-04   3.6319912e-04  -9.6096574e-04 
  3.2811345e-04   5.3949687e-04  -2.6863832e-04 
 -9.7055796e-04  -3.5347078e-04   2.2140393e-04 
mode:   21 freq=  101.1800 
  7.2044925e-04   1.4314653e-04  -9.0985156e-04 
 -3.9240968e-05   2.1902772e-04  -1.8381649e-04 
 -8.0017129e-04  -3.0527431e-04   1.4858950e-04 
mode:   22 freq=  105.7300 
 -1.1440814e-03   3.9392333e-04   1.3303156e-03 
  3.1291325e-04  -6.5868252e-04   4.7333101e-05 
  1.2581182e-03  -2.0445587e-04   8.1646419e-04 
mode:   23 freq=  108.6600 
  1.0858087e-03  -2.5367405e-04  -1.0870152e-03 
 -8.8894686e-05   1.0890178e-03  -1.1011099e-04 
 -9.6603000e-04   8.7904571e-06  -3.8490167e-04 
mode:   24 freq=  117.2100 
  5.7554648e-04  -1.3066367e-03  -1.9152464e-03 
 -1.1492476e-03  -2.8406353e-04   1.6242257e-04 
 -1.7093182e-03   1.8783172e-04  -1.8974308e-03 
mode:   25 freq=  132.5800 
 -8.8907631e-04  -8.7422832e-04  -4.9443612e-04 
 -7.5412983e-04  -3.8429991e-03   7.3724485e-04 
 -6.7403590e-04   7.2056318e-04  -1.9181413e-03 
mode:   26 freq=  138.2500 
  3.7300242e-04  -6.6742125e-04  -2.6325816e-04 
 -6.4777668e-04   1.9367559e-03  -3.2993689e-04 
 -9.4709072e-05  -2.4862087e-04   1.6155325e-05 
mode:   27 freq=  148.7900 
 -3.6703621e-04   1.4524614e-04   1.9862442e-05 
  1.8830589e-04  -1.2486081e-03   1.8418129e-04 
  4.8084933e-05   1.7736459e-04   8.8328104e-06 
mode:   28 freq=  151.5300 
  2.6355542e-04   1.5550592e-04  -8.9326377e-04 
  1.6900671e-04  -2.0557206e-03  -1.8255189e-04 
 -1.0355054e-03  -1.4006839e-04  -6.1960464e-04 
mode:   29 freq=  170.6100 
 -4.2976210e-04  -1.1016119e-03   1.2546232e-04 
 -1.0239279e-03   7.7796029e-04   1.3696598e-04 
  1.7627725e-04   1.9128607e-04  -6.1104785e-04 
mode:   30 freq=  175.1600 
 -1.9067091e-04  -4.7970143e-04  -3.7973783e-04 
 -3.8797622e-04  -1.2578833e-03   4.0205734e-04 
 -3.1267228e-04   3.4081841e-04  -8.7127864e-04 
mode:   31 freq=  184.5400 
 -4.5788206e-04  -6.4824427e-04   2.0032078e-04 
 -6.3486745e-04  -1.5501428e-04   1.5014753e-04 
  3.6664858e-04   1.0547007e-04  -2.3468943e-04 
mode:   32 freq=  185.1600 
 -1.1753937e-03  -6.5243442e-05   7.5613134e-04 
 -2.2744205e-05  -1.4339521e-03   2.4476981e-04 
  6.9578988e-04   1.2288526e-04   3.5663850e-05 
mode:   33 freq=  187.3300 
  2.4948918e-04  -6.5177956e-05   1.2057805e-04 
 -9.7180573e-05   6.9111477e-04  -3.3358095e-05 
  1.9123274e-04  -7.0730742e-05   3.4198998e-04 
mode:   34 freq=  193.3700 
 -1.9236986e-03  -1.0124185e-03   1.2040352e-03 
 -1.0307569e-03  -1.7798996e-03   5.8243988e-04 
  1.3397949e-03   5.7909809e-04  -6.0558865e-04 
mode:   35 freq=  200.0600 
 -2.1155217e-03  -2.9217133e-04   1.5918136e-03 
 -2.7239931e-04  -2.1212403e-03   5.7343988e-04 
  1.5641158e-03   6.3109423e-04  -3.6454666e-04 
mode:   36 freq=  204.9300 
  7.8757938e-04  -1.5115743e-03  -5.2721113e-04 
 -1.2075337e-03   1.4041465e-03  -2.8069343e-04 
 -8.6282309e-04  -4.9962272e-04   7.3238737e-05 
mode:   37 freq=  212.0800 
 -1.5382180e-03  -1.2818408e-03   8.6442460e-04 
 -1.2212927e-03  -1.3422193e-03   4.3976103e-04 
  8.9220474e-04   3.8958241e-04  -6.1969110e-04 
mode:   38 freq=  222.3000 
 -3.7881626e-03  -7.3158255e-04   2.8995374e-03 
 -7.2117208e-04  -3.5724393e-03   9.9012038e-04 
  2.9747247e-03   1.1003910e-03  -3.7166069e-04 
mode:   39 freq=  230.9800 
 -2.7055516e-04   4.9662779e-04   8.7505457e-04 
  4.1107133e-04  -5.1010675e-04   9.1239255e-05 
  8.8725039e-04   2.6176151e-04   2.5699115e-04 
mode:   40 freq=  234.4800 
 -2.7161877e-03  -1.8946391e-03   1.8466572e-03 
 -1.8525366e-03  -1.9504471e-03   3.8449701e-04 
  1.9439314e-03   5.2902814e-04  -4.5500385e-04 
mode:   41 freq=  246.7700 
 -1.5429550e-03  -1.1538722e-04   1.0730863e-03 
 -1.0129231e-04  -1.5759697e-03   5.2855860e-04 
  1.0671170e-03   4.9292274e-04  -3.2700920e-04 
mode:   42 freq=  248.9000 
  3.9506869e-04  -3.9507973e-04  -1.9447404e-04 
 -2.8467724e-04   1.4288098e-03   3.9882534e-05 
 -1.7849231e-04   7.7981721e-05  -2.6339619e-04 
mode:   43 freq=  251.9900 
 -1.8893669e-03   6.9763599e-04   1.2957365e-03 
  6.2733499e-04  -3.6639370e-03   9.7205744e-04 
  1.2089000e-03   7.7552788e-04  -6.6461803e-04 
mode:   44 freq=  255.5400 
 -1.0037809e-03  -2.8337286e-04   4.4041004e-04 
 -3.3945727e-04  -9.2214653e-04   7.0887096e-04 
  4.3106862e-04   6.9366788e-04  -1.1484662e-03 
mode:   45 freq=  256.8700 
  5.0463890e-04  -4.5596658e-04  -4.5171926e-04 
 -3.8470898e-04   1.1241860e-03   1.5456524e-04 
 -3.6147755e-04   1.0935656e-04  -3.2410051e-04 
mode:   46 freq=  258.4000 
 -2.5996978e-03   1.7206663e-03   2.3570047e-03 
  1.5402491e-03  -4.7445416e-03   9.9916907e-04 
  2.3407935e-03   6.9027657e-04   1.3087762e-04 
mode:   47 freq=  267.9900 
 -6.0497913e-04  -1.5884416e-04   8.5570894e-04 
 -2.5789768e-04   1.5190674e-03   1.7590631e-04 
  8.0055656e-04   1.5738841e-04  -3.0352609e-05 
mode:   48 freq=  270.6500 
  2.8783669e-04  -1.2757407e-04  -5.3309024e-04 
  1.0758845e-04  -4.0186863e-04   2.2234854e-04 
 -5.5490078e-04   1.0737621e-04  -5.9939341e-04 
mode:   49 freq=  274.6600 
 -2.7771510e-03   1.4266612e-03   2.2595414e-03 
  1.2731063e-03  -4.9957376e-03   1.0456223e-03 
  2.2409522e-03   7.5128383e-04  -1.4195110e-04 
mode:   50 freq=  279.8700 
 -2.0635415e-03  -1.6760780e-03   9.5521749e-04 
 -1.7804172e-03   1.3231135e-04   5.3489443e-04 
  9.7376406e-04   6.0051159e-04  -1.2331065e-03 
mode:   51 freq=  283.7500 
  3.1907004e-04  -5.3995898e-04  -4.6887141e-05 
 -2.3247056e-04   1.9404303e-03  -3.2252755e-04 
 -1.2391877e-04  -2.2655419e-04   1.5460068e-05 
mode:   52 freq=  284.5500 
 -1.7090934e-03   2.2570144e-03   1.3139795e-03 
  1.9698813e-03  -5.8407158e-03   1.5838802e-03 
  1.3247652e-03   1.1629595e-03  -7.0270391e-04 
mode:   53 freq=  299.8500 
 -4.3920246e-04  -1.4591391e-05   7.8499963e-04 
  2.5334454e-05   1.6197955e-03   4.5308424e-05 
  6.2579623e-04   8.5771854e-05  -7.4989279e-05 
mode:   54 freq=  299.9600 
 -1.0994783e-04  -5.3381255e-04   1.7211905e-04 
 -2.7876266e-04   5.9315684e-04  -1.3626887e-04 
  1.5671767e-04  -7.9037708e-05   3.2057794e-05 
mode:   55 freq=  304.5700 
 -3.0973631e-03   5.7073943e-04   1.9106284e-03 
  3.0028201e-04  -5.1681173e-03   1.2435582e-03 
  1.9950861e-03   9.1674318e-04  -6.5004296e-04 
mode:   56 freq=  312.8000 
  9.9441127e-05   5.0634613e-04   7.0287324e-04 
  4.0994057e-04   2.0481198e-03   8.0335959e-05 
  6.2772792e-04   5.0367549e-05   2.8691461e-04 
mode:   57 freq=  320.3600 
  3.4050818e-04  -2.8615071e-04  -1.6624616e-04 
 -3.0211921e-04   1.5698058e-03   1.0388860e-04 
 -1.4290311e-04   2.0338633e-05  -2.2737420e-04 
mode:   58 freq=  323.9500 
 -1.6742447e-03   1.8479413e-03   2.0176693e-03 
  1.7399670e-03  -2.8086438e-03   8.3716160e-04 
  1.9230717e-03   6.8953994e-04   9.8083385e-05 
mode:   59 freq=  324.7900 
 -4.4807075e-04  -3.0845971e-04   3.9053105e-04 
 -3.2291629e-04   4.5861606e-04   1.2970334e-04 
  3.6439843e-04   1.1563607e-04  -8.8602085e-05 
mode:   60 freq=  326.9000 
  8.5731683e-04   1.0524400e-05  -3.7443246e-04 
 -1.5444902e-05   2.2739111e-03   1.3264598e-05 
 -3.9193788e-04  -7.7227675e-05  -4.6759312e-05 
mode:   61 freq=  340.7500 
 -8.6690538e-04   2.0405925e-03   1.2145571e-03 
  1.8817224e-03  -2.7631468e-03   1.1524614e-03 
  9.9235624e-04   9.9503667e-04  -7.4211977e-04 
mode:   62 freq=  343.5800 
 -1.6493721e-03  -9.9411841e-04   7.1370490e-04 
 -1.0072731e-03  -1.7349994e-03   5.6735060e-04 
  7.3399243e-04   5.6507641e-04  -1.0039312e-03 
mode:   63 freq=  346.9400 
  7.2578420e-04   5.0777203e-04  -1.1713147e-05 
  3.8769921e-04   2.1427519e-03   1.4595465e-04 
 -6.2808489e-05   4.1341076e-05  -7.9732241e-05 
mode:   64 freq=  371.4000 
 -2.9307599e-03   1.3170160e-03   2.3529807e-03 
  1.0088291e-03  -5.3982371e-03   1.5721626e-03 
  2.3395747e-03   1.3576135e-03  -9.9118462e-04 
mode:   65 freq=  380.3900 
 -7.8760993e-04   1.5418036e-04   7.3297555e-04 
 -5.0648997e-05  -4.6812088e-04   5.5591038e-04 
  6.8534006e-04   4.8463870e-04  -5.0886431e-04 
mode:   66 freq=  383.0200 
 -1.3934626e-03  -7.2184148e-04   9.4043219e-04 
 -8.4075484e-04  -5.8790899e-04   4.2948360e-04 
  1.0855827e-03   3.2784594e-04  -3.5593569e-04 
mode:   67 freq=  383.7000 
 -1.8255172e-03   1.5650443e-03   2.0050361e-03 
  1.4423625e-03  -2.9608188e-03   8.2840188e-04 
  1.9339478e-03   6.8576906e-04   1.7341070e-05 
mode:   68 freq=  403.3700 
 -1.0217083e-03  -7.4005783e-04   5.0707878e-04 
 -8.3515835e-04  -8.8681649e-04   3.5992217e-04 
  4.5394885e-04   3.0480421e-04  -7.4503672e-04 
mode:   69 freq=  409.0800 
  7.7690690e-04  -7.3557527e-04  -3.3543260e-04 
 -6.4623488e-04   2.8499598e-03  -2.1966562e-04 
 -3.6669819e-04  -1.3023799e-04  -5.7040577e-05 
mode:   70 freq=  415.8600 
 -1.4144773e-03   1.0606684e-03   1.5940068e-03 
  9.7496074e-04  -1.9561509e-03   5.4129940e-04 
  1.5788866e-03   4.0606453e-04   2.4627871e-04 
mode:   71 freq=  417.4300 
 -1.0316413e-03   9.2378699e-04   1.2482286e-03 
  8.2911022e-04  -1.0479631e-03   5.9031660e-04 
  1.1738000e-03   5.5843990e-04  -2.4420254e-04 
mode:   72 freq=  422.2600 
  1.5653391e-03  -5.4854245e-04  -9.1070586e-04 
 -4.2125380e-04   3.4545247e-03  -4.7894046e-04 
 -1.0791507e-03  -3.8113052e-04   7.5288395e-05 
mode:   73 freq=  429.1600 
 -1.5373169e-03   2.3494157e-04   1.1430545e-03 
  3.1369770e-04  -2.7541059e-03   4.7415906e-04 
  1.0671362e-03   3.6664598e-04  -1.8733502e-04 
mode:   74 freq=  445.2800 
 -1.0333653e-03   1.2924606e-03   1.5078540e-03 
  1.1006398e-03  -6.6712984e-04   6.4927861e-04 
  1.4945406e-03   6.0947871e-04  -4.3206342e-05 
mode:   75 freq=  449.5900 
  6.8537247e-04  -9.6667606e-04  -3.2948828e-04 
 -9.8559989e-04   3.3162734e-03  -1.6901889e-04 
 -2.6545362e-04  -5.0541316e-05  -3.0632290e-04 
mode:   76 freq=  457.3100 
 -2.3079785e-03   1.0029191e-03   1.8601081e-03 
  1.1287532e-03  -4.5636597e-03   9.5345745e-04 
  1.7888257e-03   8.7028122e-04  -5.2781889e-04 
mode:   77 freq=  461.2100 
 -1.4893922e-03   6.1531298e-04   1.3145463e-03 
  5.2743514e-04  -1.7789289e-03   8.2223201e-04 
  1.3065872e-03   8.4915355e-04  -8.6902705e-04 
mode:   78 freq=  468.9800 
  4.9679942e-04  -8.9865992e-04  -1.7962503e-04 
 -7.8438745e-04   2.4599521e-03  -1.6965383e-04 
 -2.2621111e-04  -4.7277744e-05  -2.0947427e-04 
mode:   79 freq=  476.0300 
 -1.9520626e-03   5.6701919e-04   1.6658754e-03 
  6.4284305e-04  -3.1956426e-03   7.6109979e-04 
  1.5367688e-03   7.5795352e-04  -5.6751148e-04 
mode:   80 freq=  482.6400 
 -6.1994482e-04   1.1370966e-03   7.9038855e-04 
  1.0540272e-03  -1.1950311e-03   6.0082637e-04 
  6.8670468e-04   5.5033593e-04  -3.3266493e-04 
mode:   81 freq=  487.3000 
 -4.2274867e-04  -1.1185947e-04   4.4227762e-04 
 -8.9720051e-05  -4.6678999e-04   1.4197825e-04 
  4.8419651e-04   1.5617447e-04   1.2409592e-04 
mode:   82 freq=  496.7400 
 -4.2100172e-04  -2.1210729e-05   4.6797678e-04 
 -6.6180383e-05  -2.8444904e-04  -2.7595744e-05 
  3.8268708e-04  -8.6381581e-05   2.7058178e-04 
mode:   83 freq=  498.6400 
 -5.8982709e-04  -2.6681753e-05   5.5558854e-04 
 -1.0015124e-04  -9.7064261e-05   6.4090348e-05 
  5.6080530e-04   7.6332607e-05  -2.0316908e-06 
mode:   84 freq=  514.9100 
 -1.3524443e-03  -5.6656774e-05   1.2843455e-03 
  7.5753809e-05  -1.8969223e-03   3.9167880e-04 
  1.3563388e-03   3.8391999e-04   2.6008820e-04 
mode:   85 freq=  516.6100 
  1.7150275e-04  -3.2737158e-05  -4.6872369e-05 
 -1.4579710e-04   6.2389846e-04  -1.7163303e-04 
 -1.5981186e-04  -2.1837066e-04   1.7786982e-04 
mode:   86 freq=  532.2700 
 -1.5374477e-03   1.1462351e-03   2.3244924e-03 
  1.0604770e-03  -9.9801264e-04   6.7209486e-04 
  2.1996872e-03   6.4342826e-04   5.0141155e-04 
mode:   87 freq=  533.2700 
 -8.2749138e-04  -8.9419167e-05   6.4634821e-04 
 -2.8276873e-05  -1.3996456e-03   4.4684131e-04 
  6.7330334e-04   4.4740981e-04  -1.5479346e-04 
mode:   88 freq=  543.6700 
  1.0672883e-03  -1.3083434e-03  -1.5967507e-03 
 -1.2267546e-03   1.2518823e-03  -8.3257389e-04 
 -1.5506917e-03  -1.0018278e-03   4.7044573e-05 
mode:   89 freq=  561.1600 
 -1.7495949e-03   5.3571742e-04   1.6754969e-03 
  4.6966752e-04  -2.0742172e-03   8.4161503e-04 
  1.6061844e-03   8.7987003e-04  -3.0641637e-04 
mode:   90 freq=  568.6900 
 -8.5442736e-04   2.1945543e-04   6.8142070e-04 
  1.8064158e-04  -1.3010006e-03   3.7249009e-04 
  6.7396374e-04   4.0585375e-04  -1.9498071e-04 
mode:   91 freq=  575.0300 
  4.4316562e-04  -1.6324018e-04  -3.3067546e-04 
 -1.8916424e-04   8.6158985e-04  -2.8862053e-04 
 -3.6694665e-04  -3.2524135e-04   3.2116674e-04 
mode:   92 freq=  581.6900 
  1.7131637e-04  -2.5783480e-04  -1.5510340e-04 
 -2.4612897e-04   6.2351352e-04  -8.3068331e-05 
 -1.1318659e-04  -1.1343092e-04   3.4695452e-05 
mode:   93 freq=  583.5200 
  1.3851170e-04  -6.3056622e-04  -7.2628215e-04 
 -4.6611750e-04  -2.8773997e-04  -1.1545515e-04 
 -6.6421452e-04  -5.4504774e-05  -5.0333316e-04 
mode:   94 freq=  595.0600 
  4.5849327e-05   1.6652946e-04   8.6745836e-05 
  9.3715411e-05   7.2460629e-05  -9.9686007e-05 
  4.9103630e-05  -6.0205308e-05   2.8580484e-04 
mode:   95 freq=  605.8500 
  6.6566511e-04   2.8120043e-04  -5.0883456e-04 
  1.5509705e-04   6.2765914e-04  -4.1233262e-05 
 -4.5364307e-04  -2.0354917e-05  -8.2407851e-06 
mode:   96 freq=  614.3300 
  3.9407440e-04  -3.1443883e-04  -1.1159810e-03 
 -1.8510684e-04  -6.8313336e-04   5.6303487e-05 
 -9.9810963e-04   9.8716436e-05  -9.7939443e-04 
mode:   97 freq=  633.1900 
  5.4523303e-04   3.2883024e-04  -1.0533045e-04 
  2.0789857e-04   9.8178470e-04  -3.9636914e-04 
 -1.8722583e-04  -3.5901859e-04   7.1400397e-04 
mode:   98 freq=  642.0900 
  2.0314789e-04   3.5696949e-05   3.0254869e-05 
 -5.0138051e-05   5.2436945e-04  -3.7468285e-05 
 -5.2628731e-06  -1.7373773e-05   2.4320169e-04 
mode:   99 freq=  656.9200 
  1.0444956e-03  -1.9654459e-04  -1.3563554e-03 
 -8.2827317e-05   8.0367337e-04  -1.7076050e-04 
 -1.2592913e-03  -1.3586662e-04  -7.2623410e-04 
mode:  100 freq=  659.2300 
  1.2109259e-03   2.9919966e-04  -5.0883891e-04 
  1.2989280e-04   2.4330335e-03  -6.6113014e-04 
 -6.1149194e-04  -7.7282511e-04   1.0675525e-03 
mode:  101 freq=  661.5600 
  3.2420500e-04  -3.5443400e-04  -8.7671921e-05 
 -3.1079391e-04   1.2490657e-03  -2.3200195e-04 
 -2.0613883e-04  -1.9740794e-04   3.3746220e-04 
mode:  102 freq=  674.0900 
  2.6824075e-05  -2.8485888e-05  -9.1885638e-04 
  7.7053958e-05  -1.3913046e-03   1.7142306e-04 
 -7.8459553e-04   1.7914367e-04  -9.7431004e-04 
mode:  103 freq=  713.1000 
  8.5781107e-04   2.8230281e-04  -3.7231844e-04 
  1.6656296e-04   1.3899543e-03  -5.2149823e-04 
 -4.2383810e-04  -5.2436551e-04   7.8082567e-04 
mode:  104 freq=  722.9800 
  9.4766523e-07  -1.5775686e-04   4.2926498e-04 
 -2.7515002e-04   7.1398743e-04  -6.1499750e-05 
  3.2152495e-04  -8.0421258e-05   3.5740409e-04 
mode:  105 freq=  729.5500 
  2.4095096e-04   6.0118596e-05  -1.1397026e-03 
  2.7463684e-04  -1.1532460e-03   1.3266820e-04 
 -9.6028025e-04   2.1511829e-04  -1.0234824e-03 
mode:  106 freq=  732.9200 
  9.3238940e-04   3.9996715e-05  -6.3352673e-04 
 -2.1965305e-05   9.1929564e-04  -4.9231462e-04 
 -7.8986298e-04  -4.8508446e-04   4.0610047e-04 
mode:  107 freq=  747.2500 
 -2.8915933e-04  -6.2789494e-04   7.8143898e-04 
 -6.4103756e-04   8.2110834e-04  -1.0961741e-04 
  5.7112969e-04  -4.3507337e-05   3.4740716e-04 
mode:  108 freq=  756.5900 
 -5.5804475e-04   7.0993602e-05  -1.9504229e-04 
  1.2492221e-04  -1.3752306e-03   2.5908879e-04 
 -6.1555741e-05   2.2637935e-04  -6.0834320e-04 
mode:  109 freq=  762.3700 
  6.0961873e-04   2.9114014e-04  -1.4468629e-04 
  2.1607340e-04   1.1412883e-03  -3.5729096e-04 
 -1.5823172e-04  -3.8105237e-04   7.3559657e-04 
mode:  110 freq=  768.9700 
  1.4905345e-04  -3.0749978e-04   3.0686950e-04 
 -3.4079586e-04   1.0943996e-03  -6.0548775e-05 
  2.4136039e-04  -5.8895902e-05   2.9545554e-04 
mode:  111 freq=  774.7600 
 -4.2864024e-04   1.7323701e-05  -3.7542141e-04 
  1.4384780e-04  -6.5712778e-04   2.4816457e-04 
 -1.1577391e-04   2.7007266e-04  -6.2371289e-04 
mode:  112 freq=  775.1400 
  4.7752057e-04   8.0036096e-05  -1.2050852e-04 
  6.0308641e-05   7.3475651e-04  -3.8510802e-04 
 -2.0309133e-04  -3.2059442e-04   5.3268918e-04 
mode:  113 freq=  782.7600 
  3.6599546e-04  -8.7086452e-04   3.2206382e-04 
 -8.3908459e-04   2.1729185e-03  -7.2854511e-05 
  1.9588347e-04   1.9676006e-05   2.1293364e-04 
mode:  114 freq=  793.0600 
 -4.0694166e-04  -2.1428437e-04   3.5076257e-04 
 -2.2130488e-04  -3.2558820e-04  -3.2418127e-07 
  2.5773523e-04  -6.6383717e-06  -2.8657384e-05 
mode:  115 freq=  793.7200 
  4.4312776e-04  -2.2079277e-04  -5.1650229e-04 
 -2.1127497e-04   5.6017182e-04  -2.1215796e-04 
 -4.9715390e-04  -2.0148726e-04   2.5767269e-05 
mode:  116 freq=  797.9000 
  1.2100582e-03   3.5483598e-04  -1.1936671e-03 
  2.8417292e-04   5.6940187e-04  -1.0024309e-04 
 -1.0807665e-03  -6.6924984e-05  -1.7661128e-04 
mode:  117 freq=  812.6900 
 -1.1695970e-03   1.4845704e-04   1.5451027e-03 
  2.3281321e-04  -4.4817021e-04   3.0449324e-04 
  1.3340854e-03   2.2979019e-04   3.2574264e-04 
mode:  118 freq=  813.3900 
  4.8720809e-04   2.1319430e-04  -3.2697489e-04 
  3.4725875e-04   4.7363444e-04  -2.5345155e-05 
 -2.7679225e-04  -3.2838470e-05   1.8654087e-04 
mode:  119 freq=  819.3500 
  1.2204947e-03   5.9551067e-04  -1.0771024e-03 
  5.9927532e-04   5.1868569e-04   2.2451432e-06 
 -9.4701889e-04   2.5927627e-05  -8.7397797e-05 
mode:  120 freq=  824.7400 
 -9.5218522e-04   3.2732012e-04   1.1531810e-03 
  1.5795205e-04  -9.6723338e-04   1.4658257e-04 
  1.0518818e-03   1.6825823e-04   4.3552540e-04 
mode:  121 freq=  844.4200 
 -6.3568741e-04   1.6628882e-04   8.4776346e-04 
  3.4549613e-05  -3.5979365e-04   4.3036562e-05 
  7.3264026e-04   8.0503649e-05   4.6862027e-04 
mode:  122 freq=  846.1800 
  1.4796354e-03   5.7525052e-04  -1.4301893e-03 
  4.6117666e-04   6.4153396e-04  -1.5556507e-04 
 -1.2223195e-03  -1.1805824e-04  -5.5757482e-05 
mode:  123 freq=  858.3600 
 -4.0145120e-04  -2.6406829e-05   4.3361012e-04 
 -7.3687647e-06  -3.8473670e-04  -1.3987435e-05 
  3.8598049e-04  -4.6777151e-05   2.1974185e-04 
mode:  124 freq=  872.9200 
  7.7654615e-04  -3.1388429e-05  -7.1440984e-04 
 -3.1025682e-05   9.6265071e-04  -1.3600224e-04 
 -6.8253463e-04  -1.1746878e-04  -8.8935884e-05 
mode:  125 freq=  877.0000 
  4.0435173e-04  -7.0604934e-05  -3.9781733e-04 
 -7.7120121e-05   2.9193408e-04  -2.8978749e-05 
 -3.3664912e-04   1.2192789e-04  -1.3386494e-04 
mode:  126 freq=  882.9700 
 -6.9523452e-04   1.4184129e-03   1.8536486e-03 
  1.3309734e-03   1.6918863e-04   4.6042178e-04 
  1.8035467e-03   4.7296893e-04   9.8753381e-04 
mode:  127 freq=  894.5600 
  2.9937540e-04  -5.3936443e-04  -5.8843083e-04 
 -5.1581401e-04   3.3129080e-04  -1.1006157e-04 
 -5.3458955e-04  -5.7034632e-05  -3.4979852e-04 
mode:  128 freq=  924.8000 
 -9.1069298e-05  -5.4321156e-04  -2.2009668e-04 
 -4.5033015e-04  -6.1015947e-04   2.2399904e-04 
 -1.4816510e-04   3.2845959e-04  -6.7770270e-04 
mode:  129 freq=  927.5800 
 -1.1095767e-03   2.2679818e-03   2.7896333e-03 
  2.2422229e-03  -1.4399844e-04   1.1931334e-03 
  2.8391641e-03   1.1759450e-03   8.2315474e-04 
mode:  130 freq=  933.5300 
  4.5287115e-04  -1.3395959e-03  -1.4270516e-03 
 -1.1575275e-03  -5.8801437e-04   2.8624689e-04 
 -1.2147905e-03   4.4125595e-04  -1.5759803e-03 
mode:  131 freq=  936.4400 
 -4.9993749e-04   5.2931330e-04   9.4759357e-04 
  5.9779649e-04  -4.1221771e-04   6.2778480e-04 
  1.0265466e-03   6.6407919e-04  -2.1791623e-04 
mode:  132 freq=  937.9900 
 -8.7702385e-04   9.3568966e-04   1.6816144e-03 
  8.2258611e-04  -3.6636374e-04   1.0119053e-04 
  1.4802914e-03   1.6810953e-05   1.2759341e-03 
mode:  133 freq=  938.0900 
  6.6831509e-04  -5.0681663e-04  -1.0085284e-03 
 -4.5303072e-04   3.9447107e-04   4.5727601e-05 
 -9.0575607e-04   1.2010506e-04  -7.1229021e-04 
mode:  134 freq=  948.1100 
 -7.9778487e-04  -9.8812160e-05   9.9210940e-04 
 -5.3860657e-05  -1.8309806e-04   2.4080374e-04 
  1.1163860e-03   4.0883737e-04  -1.1758389e-04 
mode:  135 freq=  950.2500 
 -7.0972109e-04   1.5593729e-03   1.9294789e-03 
  1.4906207e-03  -6.1090388e-05   7.8542530e-04 
  1.9147467e-03   7.8347552e-04   7.2396737e-04 
mode:  136 freq=  957.3000 
  3.7811090e-04  -1.0019540e-03  -9.7722111e-04 
 -9.5460618e-04   4.5266246e-06  -2.0334731e-04 
 -9.5986623e-04  -1.1683140e-04  -4.5786137e-04 
mode:  137 freq=  959.6800 
  8.3144962e-06  -1.2301628e-03  -7.1989718e-04 
 -1.1602229e-03  -2.6588723e-04  -6.4233281e-04 
 -7.5105672e-04  -4.9699386e-04  -1.6188001e-04 
mode:  138 freq=  960.5700 
 -6.0414292e-05  -3.2955305e-04  -1.3079590e-04 
 -3.6747092e-04  -9.6437504e-05  -5.1729353e-04 
 -1.9074911e-04  -4.7641535e-04   3.8662907e-04 
mode:  139 freq=  962.0600 
  8.2948190e-04   8.6395168e-04  -2.9034670e-04 
  7.4805329e-04   1.1449226e-03  -4.3765195e-05 
 -3.0165904e-04  -1.0036775e-04   4.7786927e-04 
mode:  140 freq=  963.2300 
  1.0283271e-04  -1.0133559e-03  -8.8244147e-04 
 -9.3620336e-04  -7.4016721e-04  -9.5683666e-05 
 -8.2357151e-04   1.0547372e-05  -8.1800312e-04 
mode:  141 freq=  967.8700 
 -2.7931613e-04   2.3639654e-04   3.8504520e-04 
  1.8153186e-04  -3.9122238e-04  -6.1051172e-05 
  3.7637096e-04  -2.6717150e-05   2.7278913e-04 
mode:  142 freq=  968.5400 
  8.5726738e-04   2.1565268e-03   6.5686423e-04 
  1.9880805e-03   1.6684263e-03   4.1977098e-04 
  7.5816060e-04   3.0977858e-04   9.7048527e-04 
mode:  143 freq=  979.9900 
  6.8335489e-04  -1.8241626e-03  -1.7397803e-03 
 -1.7360622e-03   2.8530238e-04  -1.0398247e-03 
 -1.7503118e-03  -9.3523524e-04  -2.7738512e-04 
mode:  144 freq=  982.7600 
 -5.6215021e-04   1.7151979e-04   3.4755289e-04 
  5.9184450e-05  -1.2896893e-03   3.4736987e-05 
  3.4867775e-04   4.5782945e-05   2.2977199e-05 
mode:  145 freq=  990.4200 
  8.0897657e-04   3.9245903e-04  -6.0076131e-04 
  3.1141825e-04   1.0088269e-03  -2.7089421e-04 
 -6.8612808e-04  -3.3608120e-04   3.8789822e-04 
mode:  146 freq=  997.7500 
  6.8270248e-04  -3.5360112e-04  -5.7389063e-04 
 -2.8415504e-04   9.1813931e-04  -1.1322486e-04 
 -3.9030760e-04   4.3360356e-05  -1.7359543e-04 
mode:  147 freq= 1014.4400 
 -3.3316395e-04  -2.2490066e-03  -1.3657275e-03 
 -2.2809652e-03  -1.3361248e-03  -9.8569272e-04 
 -1.4814673e-03  -8.8017429e-04  -5.5233358e-04 
mode:  148 freq= 1014.7800 
  1.2394672e-03   9.6207039e-04  -2.8929575e-04 
  8.2116267e-04   2.5851435e-03  -6.5344630e-04 
 -3.9169777e-04  -7.7258763e-04   1.4222961e-03 
mode:  149 freq= 1022.9100 
  4.4057602e-04  -1.0410513e-03  -9.7017759e-04 
 -9.8988904e-04   4.1151130e-04  -6.4786628e-04 
 -9.9427309e-04  -5.9541880e-04  -6.9065040e-05 
mode:  150 freq= 1027.0300 
 -4.8333795e-06  -3.9270937e-04  -2.4960685e-04 
 -3.9516700e-04  -5.2983059e-05  -3.3854845e-04 
 -2.7744197e-04  -2.7493457e-04   1.0205022e-04 
mode:  151 freq= 1030.3600 
  1.0335883e-03  -4.1406077e-04  -1.4236530e-03 
 -4.3883998e-04   8.2493421e-04  -3.2168511e-04 
 -1.3898772e-03  -3.5100797e-04  -4.2619718e-04 
mode:  152 freq= 1031.7600 
  4.0496790e-05   7.2309366e-04   5.3115461e-04 
  7.6344397e-04   2.8698921e-04   5.3135763e-04 
  5.7867098e-04   5.6499399e-04  -5.1836531e-05 
mode:  153 freq= 1035.1700 
 -1.8222039e-04  -1.6763146e-04   1.9193213e-04 
 -1.6831079e-04   7.7166901e-05  -2.9478598e-04 
  1.9110150e-04  -2.0721151e-04   4.7535590e-04 
mode:  154 freq= 1037.4800 
  7.2007347e-04  -1.7123657e-03  -1.9257472e-03 
 -1.6660177e-03   2.4031276e-04  -7.0110081e-04 
 -1.9504948e-03  -6.7661959e-04  -8.8042370e-04 
mode:  155 freq= 1040.8100 
 -7.6335553e-06   1.4529698e-03   1.1698641e-03 
  1.4646036e-03   6.7346053e-04   7.1044098e-04 
  1.2659907e-03   7.5187661e-04   5.2117739e-04 
mode:  156 freq= 1041.3300 
 -3.6166860e-04  -1.0956556e-03  -4.2425769e-04 
 -1.0362743e-03  -8.4547082e-04  -6.6006768e-04 
 -4.6128772e-04  -6.6355041e-04   7.9848873e-05 
mode:  157 freq= 1046.2600 
  1.4399286e-03   4.6217387e-04  -1.2628140e-03 
  4.1884561e-04   1.5031850e-03  -2.4072233e-04 
 -1.1719050e-03  -2.8132623e-04  -5.3330474e-06 
mode:  158 freq= 1048.1100 
  4.4609402e-04   1.5302960e-03   6.4376609e-04 
  1.5517397e-03   9.4445630e-04   5.6872155e-04 
  7.4562280e-04   5.8907858e-04   3.7328920e-04 
mode:  159 freq= 1053.2600 
 -2.2539718e-04   1.2891758e-04   4.0368923e-04 
  1.4314817e-04  -3.1154315e-04  -6.3707859e-05 
  4.0700469e-04  -6.0166959e-05   4.4926095e-04 
mode:  160 freq= 1055.1100 
  1.2789446e-03  -3.5645086e-04  -1.7530834e-03 
 -3.7958166e-04   1.0316230e-03  -2.9290995e-04 
 -1.7007069e-03  -3.4084320e-04  -7.1069674e-04 
mode:  161 freq= 1061.7100 
 -3.3927191e-04   2.5074388e-04   8.0976870e-04 
  2.7603821e-04   3.4658104e-05   2.7695769e-04 
  7.9830435e-04   3.9577004e-04   3.4325522e-04 
mode:  162 freq= 1063.2800 
 -4.1026284e-04   1.4941946e-05   5.9504211e-04 
 -1.4810327e-05  -1.4023019e-04   5.4603695e-05 
  5.1045315e-04   8.3587551e-05   1.4916363e-04 
mode:  163 freq= 1076.8400 
  5.3954225e-04  -3.0609567e-04  -6.8001749e-04 
 -2.5926767e-04   6.0835933e-04  -5.6786213e-05 
 -5.9806577e-04  -1.9937714e-05  -3.5468659e-04 
mode:  164 freq= 1086.1300 
  4.9154945e-04   2.4733995e-04  -3.6429878e-04 
  2.0518886e-04   3.2922754e-04  -1.7181433e-04 
 -4.1827076e-04  -1.4797810e-04   1.9599928e-04 
mode:  165 freq= 1089.7100 
 -6.9591538e-04   7.5227827e-05   9.4866473e-04 
  9.9271018e-05  -4.5263855e-05   1.0873887e-04 
  8.4105975e-04  -5.3333607e-06   2.5184138e-04 
mode:  166 freq= 1095.6500 
  9.9552103e-04  -9.7320902e-04  -1.9554527e-03 
 -8.3654136e-04   6.0963925e-05   2.4163610e-04 
 -1.7752385e-03   4.4784663e-04  -1.5687136e-03 
mode:  167 freq= 1098.1600 
  4.3720426e-04   5.6725400e-04   1.0003167e-04 
  4.4076245e-04   5.9575319e-04  -3.8011171e-04 
  6.9127341e-06  -3.5864843e-04   8.0790656e-04 
mode:  168 freq= 1110.4600 
 -4.7644651e-04  -2.2752634e-04   4.2947078e-04 
 -2.7174975e-04  -4.6267602e-05   1.3545018e-04 
  3.7124407e-04   1.6061477e-04  -2.4967156e-04 
mode:  169 freq= 1112.3600 
  7.8172304e-04  -5.9732027e-04  -1.1266712e-03 
 -4.7740838e-04   5.7783799e-04  -5.1299486e-05 
 -9.9628526e-04   2.1899601e-05  -6.0476904e-04 
mode:  170 freq= 1115.7000 
  7.0236437e-04  -5.7218130e-04  -1.2476582e-03 
 -5.2043807e-04   3.8431476e-04  -3.1526901e-05 
 -1.1824302e-03   3.6422613e-05  -8.0209925e-04 
mode:  171 freq= 1122.1500 
 -1.7019037e-04   1.9411762e-04   4.6430691e-04 
  1.8061180e-04   1.5677396e-04  -1.2501302e-04 
  4.0678301e-04  -1.0021557e-04   4.2360096e-04 
mode:  172 freq= 1129.5800 
  3.7415657e-04   3.2038752e-05  -1.1083843e-04 
  5.1993411e-05   7.1058731e-04  -1.4193494e-04 
 -7.2810662e-05  -1.2509215e-04   2.9799411e-04 
mode:  173 freq= 1132.1500 
  1.2665001e-04   5.0272427e-04   3.0367940e-04 
  4.4197497e-04   2.0028444e-04  -1.9069053e-04 
  1.9496692e-04  -1.7213698e-04   6.4963449e-04 
mode:  174 freq= 1140.5900 
 -1.0719216e-04   8.2294850e-05   2.8452034e-04 
  1.4813897e-04  -1.3422223e-04  -5.2852015e-05 
  2.0618903e-04  -2.9392987e-05   2.0228081e-04 
mode:  175 freq= 1149.1000 
  8.2642315e-04   9.6595898e-05  -5.0535388e-04 
  1.6002591e-04   9.8035162e-04  -1.5536797e-04 
 -4.6526722e-04  -1.3062116e-04   1.8528433e-04 
mode:  176 freq= 1151.7500 
  1.1444462e-04   4.7221065e-04   2.3976865e-04 
  4.7887557e-04  -1.1291347e-05  -2.1031472e-04 
  1.2291906e-04  -2.3570520e-04   6.5963177e-04 
mode:  177 freq= 1178.6700 
 -2.6093592e-04   1.5312181e-04   4.0068407e-04 
  2.4591018e-04  -6.6634366e-04  -3.9014518e-05 
  2.5476035e-04  -4.9884096e-05   2.1913171e-04 
mode:  178 freq= 1179.3600 
  1.5716388e-03   9.1450294e-05  -1.0552206e-03 
  1.1650438e-04   1.8364308e-03  -3.6994905e-04 
 -1.0723478e-03  -3.2569641e-04   2.2604750e-04 
mode:  179 freq= 1180.8100 
  3.3791931e-04   3.7929672e-04  -4.7722023e-05 
  4.0252559e-04  -1.4926667e-04  -2.5233096e-04 
 -2.5918504e-04  -2.4822711e-04   4.3933233e-04 
mode:  180 freq= 1183.4900 
 -6.0915058e-06   3.3239868e-04   4.6919858e-04 
  3.5981057e-04   2.0459015e-04  -8.3329906e-05 
  4.2907821e-04  -1.0545790e-04   5.7668229e-04 
mode:  181 freq= 1187.1400 
  6.1380460e-04   3.0409199e-04  -1.5384096e-04 
  3.6093812e-04   5.7632703e-04  -1.1687745e-04 
 -1.2028235e-04  -1.1404399e-04   4.1189393e-04 
mode:  182 freq= 1188.4900 
 -3.6375620e-04   6.9254924e-04   9.9661966e-04 
  6.9979658e-04  -9.5505072e-05  -2.4310688e-04 
  8.8724017e-04  -3.0254196e-04   1.1752420e-03 
mode:  183 freq= 1207.7500 
  3.2132578e-04   4.2093942e-04   2.8137741e-04 
  4.1677562e-04   3.9775553e-04  -1.9714625e-04 
  2.0304284e-04  -2.6303111e-04   6.6969710e-04 
mode:  184 freq= 1214.3000 
  9.4750477e-04   8.9916711e-04  -2.5793061e-05 
  8.8475843e-04   1.1310824e-03  -3.7198184e-04 
 -6.4460554e-06  -4.1430781e-04   1.0983666e-03 
mode:  185 freq= 1215.9700 
 -7.3196669e-04   1.0160542e-03   1.8261448e-03 
  1.0334238e-03  -4.4277558e-04  -2.4431445e-04 
  1.5676026e-03  -2.6058058e-04   1.6132616e-03 
mode:  186 freq= 1218.5800 
 -5.8582634e-06   2.3892899e-04   2.3612478e-04 
  2.6419238e-04  -1.4197593e-04  -2.8958545e-06 
  2.4019137e-04  -6.7148354e-05   3.3444710e-04 
mode:  187 freq= 1232.0800 
  7.3988862e-05   2.1179539e-04   3.0841556e-04 
  2.3776929e-04   2.0437202e-04  -2.2962748e-05 
  3.4666679e-04  -3.6798294e-05   4.3598707e-04 
mode:  188 freq= 1233.2600 
 -6.9808646e-04   3.5904433e-04   1.0780327e-03 
  3.8612118e-04  -4.8968250e-04  -9.7334785e-05 
  9.8171045e-04  -1.6389280e-04   9.0512810e-04 
mode:  189 freq= 1243.4700 
  1.7364906e-04   6.6041167e-04   3.1972706e-04 
  6.8061699e-04  -3.0646495e-04  -1.1743012e-04 
  2.8400673e-04  -2.7858088e-04   7.7410886e-04 
mode:  190 freq= 1259.0900 
 -2.2479498e-04   3.8655305e-04   7.6292247e-04 
  4.1284805e-04  -1.9804949e-04   1.8840821e-05 
  7.4377456e-04  -1.8577885e-05   6.3630653e-04 
mode:  191 freq= 1259.7600 
 -1.0664924e-03   4.9016761e-04   1.9345478e-03 
  4.9602992e-04  -3.5067027e-04  -1.6406336e-04 
  1.7502697e-03  -2.0529549e-04   1.4550649e-03 
mode:  192 freq= 1263.1600 
 -1.9676937e-05   4.6457481e-05  -1.4665512e-04 
 -3.3746121e-05  -3.6963593e-04   6.9739120e-05 
 -1.6522967e-04   7.6312193e-05  -2.8987795e-04 
mode:  193 freq= 1265.0000 
 -6.2183825e-04  -5.2474970e-04  -6.3076290e-05 
 -4.8893546e-04  -1.5150892e-03   4.6662897e-04 
 -3.9663755e-05   5.2785297e-04  -1.0245297e-03 
mode:  194 freq= 1268.7800 
  3.2180574e-04   2.2186152e-04  -7.2477076e-05 
  2.0221137e-04   6.0035540e-04  -2.4476772e-04 
 -1.0346002e-04  -3.3615684e-04   5.6004901e-04 
mode:  195 freq= 1270.3100 
 -1.1703187e-04   3.3403754e-06  -1.3338747e-04 
  3.3590964e-06  -4.7792295e-04   7.7683430e-05 
 -1.6619917e-04   8.9320346e-05  -3.8779512e-04 
mode:  196 freq= 1280.5400 
 -7.7870248e-04  -1.0371140e-03  -3.4486293e-04 
 -9.2414889e-04  -2.0747125e-03   6.7635685e-04 
 -2.8916763e-04   7.5292723e-04  -1.7082790e-03 
mode:  197 freq= 1293.4000 
  3.3369226e-04   4.8594652e-04   1.3225278e-04 
  4.7557246e-04   9.0616667e-04  -3.6542454e-04 
  6.5904897e-05  -4.6283357e-04   9.1124893e-04 
mode:  198 freq= 1298.1400 
  8.5489555e-05  -4.0896706e-05  -2.3838399e-04 
 -1.1080179e-04  -2.4421819e-04   4.8384134e-05 
 -2.0745176e-04   6.0517015e-05  -2.2992781e-04 
mode:  199 freq= 1298.4200 
 -6.5300261e-04  -7.0113170e-05   2.9888015e-04 
 -1.2096610e-04  -1.7239314e-03   4.6251071e-04 
  3.0764024e-04   5.7636471e-04  -5.9938714e-04 
mode:  200 freq= 1308.7200 
  4.2707597e-04   4.9647900e-05  -4.2554312e-04 
  6.2939589e-05   6.0035861e-04  -3.0080040e-04 
 -3.8167875e-04  -3.6821958e-04   2.6669609e-04 
mode:  201 freq= 1320.6100 
 -1.8343250e-05  -5.8330975e-05  -1.5375182e-04 
 -8.1976113e-05  -4.8870863e-04   7.1001423e-05 
 -1.3557827e-04   1.1344634e-04  -2.4252281e-04 
mode:  202 freq= 1324.5000 
 -8.5342296e-04  -1.1415086e-04   3.8590013e-04 
 -2.3549653e-04  -2.6246104e-03   6.4937039e-04 
  4.3330561e-04   7.6361587e-04  -7.8146074e-04 
mode:  203 freq= 1325.4500 
  6.0568570e-04   2.5944913e-04  -6.3283195e-04 
  2.4501341e-04   5.1720922e-04  -3.3142747e-04 
 -5.6027601e-04  -4.5373081e-04   2.7193124e-04 
mode:  204 freq= 1337.9400 
  1.5051644e-04  -5.8282496e-05  -2.8397435e-04 
 -8.7020275e-05  -1.1642266e-04   1.2431936e-05 
 -2.4783895e-04   3.2337791e-05  -1.6832160e-04 
mode:  205 freq= 1351.4300 
 -5.7960361e-04   2.4449839e-04   3.7349499e-04 
  1.7938069e-04  -1.3649043e-03   3.3945962e-04 
  3.3794288e-04   4.3785574e-04  -3.6665513e-04 
mode:  206 freq= 1357.0800 
  3.9882346e-04  -2.1466520e-04  -6.1375946e-04 
 -2.0345787e-04   4.1211256e-04  -2.2309030e-04 
 -5.6035351e-04  -2.5952713e-04  -1.1855324e-04 
mode:  207 freq= 1358.8500 
  6.3693941e-05   2.1624594e-06  -3.8716182e-04 
 -6.7450440e-05  -5.9543063e-04   8.4314541e-05 
 -3.9866916e-04   6.9940927e-05  -5.2623233e-04 
mode:  208 freq= 1364.2300 
 -9.7570677e-04   4.2869602e-04   9.0556163e-04 
  3.2249298e-04  -1.9137137e-03   3.5838860e-04 
  8.3541620e-04   4.7431141e-04  -1.0740060e-04 
mode:  209 freq= 1373.4500 
  5.2944798e-04  -3.4098528e-04  -7.4470821e-04 
 -2.6849221e-04   7.3164857e-04  -2.9068277e-04 
 -6.6254926e-04  -2.6582804e-04  -9.0675922e-05 
mode:  210 freq= 1382.8900 
  2.3799191e-04  -3.3633535e-05  -2.6629773e-04 
 -4.6694852e-05   2.1500921e-04  -3.6354556e-05 
 -2.6992182e-04  -4.6963878e-05  -2.4886352e-05 
mode:  211 freq= 1383.5300 
  3.6750081e-05   3.1928678e-04   1.7778060e-04 
  3.2415447e-04   1.8584002e-04  -2.9864933e-05 
  1.6408999e-04   1.9227668e-05   2.9764462e-04 
mode:  212 freq= 1384.3300 
  1.1228175e-04  -1.8086431e-04  -3.0909504e-04 
 -2.0685687e-04  -1.0460934e-04  -9.4488016e-06 
 -2.8551948e-04  -7.9437940e-05  -2.3733264e-04 
mode:  213 freq= 1388.9500 
  1.4822218e-04   1.8014297e-04   6.0332110e-05 
  1.3963871e-04   3.2487688e-04  -7.2193338e-05 
  1.5799888e-05  -1.2920269e-04   3.1820682e-04 
mode:  214 freq= 1390.0800 
 -8.5569906e-05   2.4539779e-04   3.2172383e-04 
  2.2554025e-04   3.0304455e-04  -1.7073470e-04 
  3.1493949e-04  -1.8982455e-04   5.3048230e-04 
mode:  215 freq= 1395.3300 
  2.2561116e-04  -1.7889744e-04  -4.1082524e-04 
 -1.5548026e-04  -4.6805098e-05   1.3021838e-05 
 -3.5939682e-04  -1.2144424e-05  -2.5745152e-04 
mode:  216 freq= 1395.5600 
  1.8922302e-04   1.3824189e-04  -1.3264651e-04 
  1.2584712e-04   2.0526667e-04  -4.8775184e-05 
 -1.6568594e-04  -8.7533490e-05   6.3598790e-05 
mode:  217 freq= 1405.7400 
 -1.7113524e-04   1.2304020e-04   1.5071599e-04 
  1.3204944e-04  -1.1367467e-04   7.3688535e-05 
  1.2356467e-04   7.1846872e-05  -1.1919657e-04 
mode:  218 freq= 1406.1600 
  2.7324025e-04  -2.1304251e-04  -3.5111759e-04 
 -1.8828565e-04   2.7776668e-04  -6.8669117e-05 
 -3.1694729e-04  -6.7381382e-05  -1.1576838e-04 
mode:  219 freq= 1407.1300 
  1.3177927e-04   7.9706505e-05  -1.9355615e-04 
  4.0677685e-05   5.7897980e-05   4.2476508e-05 
 -1.9569145e-04   4.2573634e-05  -1.2915176e-04 
mode:  220 freq= 1409.2100 
 -2.0194666e-04   1.3203594e-04   2.1482515e-04 
  1.7833013e-04   1.4929534e-04   2.7794512e-04 
  2.3110065e-04   3.4529471e-04  -3.6370937e-04 
mode:  221 freq= 1414.4000 
  2.9982726e-04  -2.5683745e-04  -5.1195798e-04 
 -2.3487748e-04   1.1176746e-05  -1.3877905e-04 
 -4.3212557e-04  -1.4423328e-04  -1.8349069e-04 
mode:  222 freq= 1420.4500 
  1.4209725e-04  -5.7066905e-05  -4.2866197e-04 
 -8.5328625e-05  -2.3267300e-04   1.2144622e-04 
 -3.8965313e-04   1.3546512e-04  -5.2445392e-04 
mode:  223 freq= 1428.1500 
 -2.1947880e-04  -4.4744608e-05  -2.4323631e-04 
  3.0698857e-05  -7.4702309e-04   6.7702609e-04 
 -2.1949904e-04   7.4258578e-04  -1.3258333e-03 
mode:  224 freq= 1434.7500 
  3.0861330e-04  -1.8893862e-04  -1.5406503e-04 
 -1.7172220e-04   6.7320689e-04  -3.3080029e-04 
 -1.1832354e-04  -3.8777459e-04   4.9863466e-04 
mode:  225 freq= 1435.2800 
  1.5512076e-04  -3.9858203e-05  -3.3550549e-04 
 -5.5431919e-05  -1.6864147e-05   6.1861115e-05 
 -3.4115651e-04   6.5479230e-05  -3.5892701e-04 
mode:  226 freq= 1444.3700 
 -2.1236322e-04  -3.6731957e-06  -1.5701557e-04 
  5.6210501e-05  -4.7781801e-04   4.0118467e-04 
 -1.7547970e-04   4.8099610e-04  -9.6422899e-04 
mode:  227 freq= 1445.0700 
  2.4623420e-04  -2.8228146e-04  -2.8184755e-04 
 -2.8888663e-04   3.5274084e-04  -2.2101052e-04 
 -2.1881248e-04  -2.4674342e-04   1.2947436e-04 
mode:  228 freq= 1445.2200 
  1.7819785e-04  -1.1951492e-04  -2.8159418e-04 
 -1.4063358e-04   2.8896380e-05   8.0022320e-06 
 -2.3090808e-04  -1.8630422e-05  -1.0331014e-04 
mode:  229 freq= 1448.6900 
 -3.0891550e-04   1.6055364e-04   3.0330751e-04 
  1.1148262e-04  -6.5683467e-04  -4.4271806e-06 
  2.2781572e-04  -8.5885697e-05   8.1372042e-05 
mode:  230 freq= 1449.4000 
  1.7149209e-04  -2.5735386e-04  -2.9637913e-04 
 -2.0888893e-04   4.1386251e-04  -8.3316286e-05 
 -2.3238990e-04  -3.5707138e-05  -2.2186621e-04 
mode:  231 freq= 1452.1500 
  8.6472482e-05  -6.0311025e-05  -4.9459245e-05 
 -4.1361991e-05  -3.2069181e-05   1.0606627e-04 
 -5.6388854e-05   1.0010393e-04  -1.5041328e-04 
mode:  232 freq= 1452.3200 
 -2.5672889e-04  -4.1389881e-04  -3.3962910e-04 
 -3.7800474e-04  -1.4790218e-03   1.6123877e-04 
 -4.0407543e-04   1.4968031e-04  -6.2231980e-04 
mode:  233 freq= 1454.3600 
  8.8809978e-05  -1.5744520e-04   3.3415236e-05 
 -1.6242996e-04   7.2839465e-04  -6.4790951e-05 
  8.1769221e-05  -3.8511198e-05   6.5621079e-05 
mode:  234 freq= 1455.5300 
  5.2583979e-05   8.1355959e-05   1.3881940e-04 
  9.8854245e-05  -5.5382871e-05   1.2259296e-04 
  1.0048325e-04   7.7905731e-05  -2.0812634e-05 
mode:  235 freq= 1455.9000 
 -2.2996781e-04  -3.7571490e-04  -3.2441049e-04 
 -3.9783657e-04  -1.4914504e-03   3.3111072e-05 
 -4.1621463e-04  -1.9403278e-05  -3.8005017e-04 
mode:  236 freq= 1459.5700 
  1.6856949e-04  -5.1086734e-04  -3.6327218e-04 
 -5.0539397e-04   8.2829154e-04  -1.0863301e-04 
 -2.6034141e-04   6.6984185e-06  -2.0200725e-04 
mode:  237 freq= 1461.4000 
 -3.3477578e-05   1.3763217e-05   1.4151501e-04 
  3.6101084e-05  -2.1492193e-05   7.0843262e-05 
  1.1127663e-04   6.7168661e-05  -2.1654813e-05 
mode:  238 freq= 1462.2500 
 -1.2810162e-04  -4.8698058e-04  -3.9376483e-04 
 -4.7479401e-04  -1.1832957e-03   1.2403816e-04 
 -4.2432244e-04   1.1018736e-04  -5.8678319e-04 
mode:  239 freq= 1463.9300 
  1.9977661e-05  -9.5051901e-05   9.7057394e-05 
 -9.0363334e-05   5.2531492e-04  -1.6573037e-05 
  1.0661332e-04  -2.3819602e-06   5.6203203e-05 
mode:  240 freq= 1466.8800 
 -2.6659953e-05   1.2565055e-04   6.8349301e-05 
  1.4914972e-04  -6.4980041e-05   6.6868227e-06 
  6.2662029e-05   6.5089446e-06   1.9929032e-04 
mode:  241 freq= 1471.4300 
  6.5959753e-04  -3.5489309e-04  -8.1340911e-04 
 -3.1779587e-04   4.5217140e-04  -1.8012005e-04 
 -6.9973973e-04  -1.2932680e-04  -7.6777508e-05 
mode:  242 freq= 1478.0300 
 -4.7521104e-04   3.9925577e-05   4.4544877e-04 
  5.1068934e-05  -4.5941623e-04   1.2977996e-04 
  3.9704830e-04   1.2120153e-04  -8.5855480e-05 
mode:  243 freq= 1479.9200 
  1.9568943e-05   4.0889490e-04   5.6203476e-05 
  4.0415177e-04  -2.5188967e-04  -5.9941355e-05 
  5.7802694e-05  -8.9803920e-05   2.7042860e-04 
mode:  244 freq= 1481.4200 
  9.5348394e-04   1.3940905e-04  -8.1379244e-04 
  1.5797629e-04   1.2267465e-03  -2.1001113e-04 
 -7.2900550e-04  -1.2251214e-04  -8.0209420e-06 
mode:  245 freq= 1481.9500 
 -6.8938677e-04  -6.4485456e-05   5.6488799e-04 
 -5.3746725e-05  -9.6694288e-04   1.5073928e-04 
  5.1928476e-04   1.3064741e-04  -5.9587169e-05 
mode:  246 freq= 1484.4600 
  1.8422041e-04   4.8498200e-04  -2.2229850e-05 
  5.2896946e-04  -3.2908553e-04  -9.1083693e-05 
 -3.8084035e-05  -1.3573857e-04   3.4481941e-04 
mode:  247 freq= 1485.0200 
  1.2602269e-03   4.9296584e-04  -1.0806966e-03 
  4.6370557e-04   1.5722392e-03  -1.8087153e-04 
 -1.0087928e-03  -2.3770695e-05  -1.6007888e-04 
mode:  248 freq= 1490.0000 
 -8.8005933e-04  -4.0473537e-04   6.7949206e-04 
 -3.2601616e-04  -8.0053950e-04   1.2161966e-04 
  6.2465691e-04   1.4960593e-04  -1.0487371e-04 
mode:  249 freq= 1491.0200 
  1.1084533e-04   4.8849334e-04   1.4564793e-04 
  4.8657095e-04   9.2611714e-05  -8.3976010e-05 
  1.3232854e-04  -1.1213397e-04   4.6521653e-04 
mode:  250 freq= 1492.0900 
  1.2369618e-03   6.8488098e-05  -7.7712138e-04 
  1.6872510e-04   2.2654624e-03  -1.5326907e-04 
 -6.4965674e-04  -8.3451722e-05   1.8667471e-04 
mode:  251 freq= 1494.3200 
 -8.5494698e-04   4.1245441e-04   9.3041350e-04 
  3.9478886e-04  -1.4638658e-03   1.0632595e-04 
  7.7722546e-04   5.4376659e-05   3.3411321e-04 
mode:  252 freq= 1497.4400 
  3.5948845e-04   7.6843792e-04   1.1620589e-04 
  7.2923822e-04   5.9798805e-04  -1.6073466e-04 
  1.2854344e-04  -1.4744796e-04   7.9883292e-04 
mode:  253 freq= 1511.6000 
  1.9667462e-03   2.9776297e-04  -1.2430935e-03 
  4.2557358e-04   3.5453343e-03  -8.7391527e-05 
 -1.0111962e-03  -3.2223481e-07   2.2370311e-04 
mode:  254 freq= 1516.2100 
 -1.1086102e-03   3.8407691e-04   1.1026467e-03 
  3.3627356e-04  -1.9491892e-03   3.6496793e-05 
  9.0322813e-04  -1.7913046e-05   4.0722834e-04 
mode:  255 freq= 1517.3300 
 -3.8292555e-05   2.5288427e-04   3.1667368e-04 
  2.4253866e-04   1.0981957e-04  -1.0404204e-04 
  2.7329748e-04  -1.6017808e-04   4.9771243e-04 
mode:  256 freq= 1519.0000 
  4.2903179e-04  -4.9739806e-04  -2.8749194e-04 
 -4.4832785e-04   1.1923383e-03  -3.0379140e-04 
 -2.0686131e-04  -3.1911396e-04   2.6385912e-04 
mode:  257 freq= 1539.4000 
 -4.9615516e-04   6.9896963e-04   5.7779127e-04 
  6.9850431e-04  -1.2033012e-03   1.5093830e-04 
  4.8434746e-04   1.4364368e-04   2.4780298e-04 
mode:  258 freq= 1562.4300 
 -6.0639192e-05   1.4097007e-04   3.7341307e-04 
  1.5127188e-04   2.9143647e-04  -1.8289239e-04 
  3.2058959e-04  -2.1534254e-04   6.3074758e-04 
mode:  259 freq= 1579.9200 
  5.1858914e-04  -6.8098876e-04  -3.4816190e-04 
 -7.3198270e-04   1.6925899e-03  -5.5793470e-04 
 -2.1199544e-04  -5.9230916e-04   6.5472178e-04 
mode:  260 freq= 1629.9100 
 -4.0583710e-04   1.0609235e-03   5.4391269e-04 
  1.0055309e-03  -1.3147941e-03   1.5737239e-04 
  4.1431136e-04   2.4198091e-04   2.9574160e-04 
mode:  261 freq= 1641.7400 
 -8.7638769e-05  -1.9376425e-04   3.5992157e-05 
 -1.6802819e-04  -8.8404656e-05   1.1759112e-05 
  5.9934902e-05   1.7953088e-05  -9.3063564e-05 
mode:  262 freq= 1660.8500 
 -2.1437940e-04  -6.8986402e-04   1.1055872e-04 
 -6.2955389e-04  -4.9854584e-05   1.7173742e-05 
  1.4452287e-04  -5.0556096e-05  -1.2289094e-04 
mode:  263 freq= 1665.8400 
 -2.3842530e-04   6.1366517e-04   2.9678415e-04 
  6.2725764e-04  -7.7580574e-04   5.1968337e-05 
  2.5313531e-04   5.7200209e-05   2.2121293e-04 
mode:  264 freq= 1670.0700 
 -1.2467041e-05  -5.9398599e-04  -2.4338331e-04 
 -5.7551725e-04   2.1631874e-05   1.5120088e-06 
 -1.6204753e-04  -5.0370044e-06  -3.4346159e-04 
mode:  265 freq= 1673.3200 
 -7.1547090e-04  -9.7933970e-04   5.7977219e-04 
 -9.6144909e-04  -4.9250633e-04   7.4819010e-05 
  6.0084235e-04  -7.2089642e-05  -8.8754488e-06 
mode:  266 freq= 1682.4100 
 -1.9814712e-04   9.8559117e-04   4.6495760e-04 
  1.0391410e-03  -7.4421277e-04   4.4771401e-05 
  3.5660016e-04   8.4508953e-05   4.3322184e-04 
mode:  267 freq= 1683.1500 
 -1.0224420e-04  -9.2109964e-05   1.0038382e-04 
 -6.6853813e-05  -9.9533086e-05   4.5386178e-05 
  9.4288524e-05   6.9382036e-05  -5.2998804e-05 
mode:  268 freq= 1684.6300 
 -6.7023944e-05  -5.8476525e-04  -1.9891170e-04 
 -5.0727136e-04  -3.8959979e-04   7.7730707e-05 
 -1.8209828e-04   5.3639033e-05  -3.6932572e-04 
mode:  269 freq= 1688.1900 
 -1.5874032e-04   2.9278020e-04   2.4450557e-04 
  2.8870796e-04  -2.0069786e-04   2.9714306e-05 
  2.1337252e-04   1.7844869e-05   2.0507916e-04 
mode:  270 freq= 1703.4900 
 -1.2124198e-04   4.9691261e-05   4.1376553e-04 
  4.3701137e-05   2.0678226e-04   7.3631269e-05 
  3.8149182e-04   8.5637316e-05   1.5462663e-04 
mode:  271 freq= 1745.4200 
 -4.1094408e-04  -3.5440428e-04   1.4160940e-04 
 -3.5956619e-04  -8.3354079e-04   9.2721503e-05 
  1.0868219e-04   7.3060305e-05  -2.4988672e-04 
mode:  272 freq= 3040.5900 
  4.2092635e-05   1.0406994e-04   1.3494843e-06 
  1.1738767e-04   8.4546796e-05   2.2325067e-05 
  2.0623089e-06   6.0721028e-05  -8.9930968e-06 
mode:  273 freq= 3040.8100 
 -6.7433642e-05  -2.5256869e-04  -1.4790613e-04 
 -2.4423761e-04  -4.7286806e-04   1.0194651e-04 
 -1.5810460e-04   9.8680054e-05  -3.3442323e-04 
mode:  274 freq= 3059.3700 
 -2.1089887e-04  -3.6266395e-06   4.2028443e-04 
 -2.8911723e-05   1.1870683e-05   1.1743037e-05 
  3.8691863e-04  -6.0188731e-06   2.2785469e-04 
mode:  275 freq= 3059.7800 
 -2.7700492e-04  -3.7051579e-04  -1.0433339e-04 
 -3.3273545e-04  -1.0509887e-03   5.6717233e-05 
 -1.1061826e-04   4.1935990e-05  -3.5096558e-04 
mode:  276 freq= 3067.4100 
 -7.7259883e-05  -2.9320718e-04  -2.8054624e-04 
 -2.5914893e-04  -3.3770555e-04   7.9634026e-05 
 -2.6741062e-04   1.1934688e-04  -5.0618902e-04 
mode:  277 freq= 3068.1900 
 -3.1614341e-04   2.3533024e-04   5.1657565e-04 
  2.4617261e-04   2.1510527e-05   3.3077872e-06 
  4.7874525e-04   2.8821394e-05   1.9140330e-04 
mode:  278 freq= 3070.0900 
 -2.0716803e-04  -5.4727494e-04  -2.5970764e-04 
 -5.1634644e-04  -9.4952785e-04   4.3380483e-05 
 -2.4819667e-04   3.0915392e-05  -4.3896961e-04 
mode:  279 freq= 3070.8200 
 -6.5977091e-05  -2.0159404e-04  -4.8948809e-05 
 -1.9442572e-04  -2.2554583e-04   8.0237190e-05 
 -4.4325585e-05   8.7425457e-05  -2.5413053e-04 
mode:  280 freq= 3080.5400 
  2.6781056e-05   4.8977030e-04   8.3850772e-04 
  4.5758429e-04   1.1968590e-03  -1.5052346e-04 
  7.8539008e-04  -1.3047036e-04   8.4453316e-04 
mode:  281 freq= 3081.6200 
 -1.8687917e-04  -3.2305021e-04  -2.5178301e-04 
 -2.8430552e-04  -1.3957867e-03   5.9642770e-05 
 -3.1879491e-04   2.7834273e-05  -3.5159014e-04 
mode:  282 freq= 3081.6800 
 -3.8887312e-04  -4.1021265e-04  -1.9699647e-04 
 -3.9450644e-04  -1.4929481e-03   2.1271904e-04 
 -2.3506605e-04   1.8357733e-04  -6.2952457e-04 
mode:  283 freq= 3085.2200 
 -1.1846923e-04  -2.8629836e-04   1.2218801e-04 
 -3.1094243e-04  -1.4819576e-04  -5.3698960e-05 
  7.5362525e-05  -7.9140965e-05   5.9139716e-05 
mode:  284 freq= 3085.5400 
 -2.0148867e-04  -5.6684110e-04  -3.1657146e-04 
 -5.2941834e-04  -1.1389202e-03   9.3582844e-06 
 -3.3143995e-04  -9.6550474e-06  -4.6353992e-04 
mode:  285 freq= 3121.7100 
  1.3752164e-04  -1.4521927e-04   1.0049110e-04 
 -1.4035689e-04   1.0757876e-03  -4.4121398e-05 
  1.5984083e-04  -2.3747352e-06   8.5515505e-05 
mode:  286 freq= 3123.2300 
 -2.0360818e-04   3.7014045e-05   2.5636738e-04 
  2.3142958e-05   7.9977991e-05   2.7422401e-05 
  2.4691712e-04   4.2160917e-05   6.4411162e-05 
mode:  287 freq= 3124.3000 
 -6.2020483e-06   4.6728504e-04   3.8927336e-04 
  4.8014692e-04   4.8556504e-04   4.3677032e-05 
  3.6757495e-04   9.1349671e-05   3.2127582e-04 
mode:  288 freq= 3125.8500 
  1.3362186e-04  -1.2742025e-04   1.8913630e-04 
 -1.2287974e-04   1.5244294e-03  -9.7998304e-05 
  2.8293120e-04  -4.9123702e-05   2.5268502e-04 
mode:  289 freq= 3159.5900 
 -2.5553115e-04  -5.3920619e-05   1.9590122e-04 
 -6.6657313e-05  -3.3635566e-04   6.1638578e-05 
  1.8071010e-04   6.7665806e-05  -7.8856082e-05 
mode:  290 freq= 3160.0500 
  2.6329178e-04   8.6263193e-04   4.6712852e-04 
  8.6914252e-04   1.5260803e-03  -2.3268825e-06 
  4.0237734e-04   7.8059377e-05   6.4231932e-04 
mode:  291 freq= 3166.7200 
  1.2494409e-04  -2.2445428e-04   6.8288285e-05 
 -2.2003971e-04   1.1518639e-03  -2.5531187e-05 
  1.5232029e-04   2.6787437e-05   3.5439067e-05 
mode:  292 freq= 3166.7500 
 -1.0133211e-04   9.4769555e-05   3.2293489e-04 
  5.5168180e-05   7.7702965e-04   1.7568286e-05 
  3.5049455e-04   8.0483363e-05   2.4938715e-04 
mode:  293 freq= 3169.2200 
  7.7726709e-05   7.7448211e-04   5.4005208e-04 
  7.7504511e-04   5.5984002e-04  -2.1602590e-05 
  4.4907276e-04   1.4381015e-05   5.8679012e-04 
mode:  294 freq= 3169.5400 
  1.0985007e-04  -2.1330924e-04   4.0467615e-05 
 -2.1471335e-04   1.0910207e-03   1.1005155e-05 
  1.1048400e-04   6.6046994e-05  -5.7359386e-05 
mode:  295 freq= 3169.6700 
 -7.9632178e-05   3.1960435e-04   3.4419690e-04 
  2.9966293e-04   2.0099980e-04   1.3275744e-04 
  2.8400921e-04   1.6081559e-04   2.2743973e-04 
mode:  296 freq= 3170.3400 
 -9.4389606e-05   2.5063168e-04   2.9123665e-04 
  2.6285111e-04   4.2733161e-04   2.0572373e-05 
  3.0644146e-04   6.9115644e-05   1.2120234e-04 
mode:  297 freq= 3173.1400 
  1.4539592e-04  -4.3727254e-06  -3.6541878e-04 
  2.8337483e-06  -2.0353478e-04  -8.3366355e-05 
 -3.1533700e-04  -6.2376597e-05  -1.0147747e-04 
mode:  298 freq= 3173.4100 
  7.8273679e-04   1.9860211e-04  -7.9297291e-04 
  1.9150737e-04   5.0210850e-04  -2.8316219e-04 
 -7.3990070e-04  -1.8954805e-04   6.3452636e-05 
mode:  299 freq= 3173.5000 
 -4.1493088e-04  -6.0777728e-04   7.9746039e-05 
 -5.5955852e-04  -1.9897210e-04   1.7576334e-04 
  1.2286824e-04   1.9212663e-04  -5.0582852e-04 
mode:  300 freq= 3188.6300 
 -5.0319472e-04   1.1338760e-03   1.0717314e-03 
  1.1159314e-03  -1.0195226e-04  -7.1760711e-04 
  9.7373285e-04  -7.2161197e-04   1.7027509e-03 
mode:  301 freq= 3190.0200 
  1.0333951e-03   5.8110513e-05  -1.6730547e-03 
  1.3176581e-04  -4.7650138e-04   9.5499730e-04 
 -1.6724476e-03   1.0378479e-03  -1.9130011e-03 
mode:  302 freq= 3190.1300 
 -3.7810901e-04  -4.2205520e-04  -1.2707386e-04 
 -3.4062535e-04  -7.0992612e-04   7.2531517e-04 
 -1.4255803e-04   7.2746874e-04  -1.2089064e-03 
mode:  303 freq= 3194.3900 
  8.0003139e-05  -5.5167934e-04  -7.5917037e-04 
 -5.0500300e-04  -9.3197823e-04   9.5680408e-04 
 -7.0439915e-04   1.0124594e-03  -1.6917745e-03 
mode:  304 freq= 3206.4900 
  8.2920353e-04   3.5968519e-04  -8.0516251e-04 
  3.5168049e-04   4.7185838e-04  -2.4598022e-04 
 -7.7162852e-04  -1.6382629e-04   1.0691440e-04 
mode:  305 freq= 3206.5200 
 -5.0423714e-04  -7.5155916e-04   4.6082372e-04 
 -7.5494356e-04   5.8732280e-04  -9.6766239e-04 
  5.9279761e-04  -9.4982934e-04   8.1008139e-04 
mode:  306 freq= 3207.3300 
  7.9576527e-05   6.5201285e-05  -2.5757329e-04 
  7.8030784e-05  -8.5419827e-05  -4.4278489e-04 
 -1.8992874e-04  -4.3354915e-04   3.2358123e-04 
mode:  307 freq= 3217.8300 
  1.7958690e-04   1.1806878e-03   6.7075770e-04 
  1.1067422e-03   1.0062400e-03  -1.6533890e-03 
  6.4454091e-04  -1.6257781e-03   2.6428428e-03 
mode:  308 freq= 3221.0200 
  2.1579040e-04  -1.2648231e-03  -1.1979372e-03 
 -1.1891074e-03  -4.1336319e-04   7.9193664e-04 
 -1.0387357e-03   8.2477623e-04  -2.0595938e-03 
mode:  309 freq= 3225.6100 
  1.0661140e-04   1.0929201e-05  -1.3139638e-04 
  1.1203527e-05   1.6488165e-04  -8.3999541e-05 
 -1.2252476e-04  -8.4837742e-05   8.9188551e-06 
mode:  310 freq= 3225.7100 
 -1.0218237e-04   3.9181931e-04   4.4088071e-04 
  3.6440807e-04   2.5831775e-04  -2.3780277e-04 
  3.8040148e-04  -2.6913850e-04   6.8339698e-04 
mode:  311 freq= 3225.8500 
  1.0382753e-04  -1.5787921e-04  -2.1151083e-04 
 -1.5026106e-04  -5.4176414e-06   6.2188378e-05 
 -1.8926595e-04   6.7229087e-05  -2.5844382e-04 
mode:  312 freq= 3228.0800 
  3.9782886e-05  -1.9453219e-06  -1.1774025e-04 
 -3.8576008e-06  -1.2318784e-05   6.9645142e-05 
 -9.6965536e-05   7.6334092e-05  -1.9166472e-04 
mode:  313 freq= 3232.9900 
 -1.3220584e-04   1.2909643e-05  -1.2431106e-04 
  4.0483864e-05  -6.2073541e-04   4.3485613e-04 
 -9.6963910e-05   4.4098721e-04  -7.2320437e-04 
mode:  314 freq= 3234.1500 
  2.0126525e-04  -3.0235377e-05  -2.1297185e-05 
 -2.7626859e-05   5.8812937e-04  -2.1493303e-04 
 -3.7312856e-05  -2.5385114e-04   3.6131285e-04 
mode:  315 freq= 3234.6100 
  7.9859887e-05   1.1885459e-04   4.6681624e-05 
  1.0603161e-04   2.8598322e-04  -6.3928324e-06 
  2.7521458e-05  -4.2298419e-05   1.7773227e-04 
mode:  316 freq= 3237.0600 
 -1.1694671e-04   1.5997240e-04   3.2123925e-04 
  1.9601379e-04   5.9222985e-04   5.3117967e-05 
  3.3109025e-04   1.0891931e-04   9.6861863e-05 
mode:  317 freq= 3238.9600 
  1.4912371e-04  -1.5492262e-04  -4.2212892e-04 
 -1.6845020e-04  -3.8871670e-04   2.0753873e-05 
 -3.8564296e-04  -2.2663928e-05  -3.6142856e-04 
mode:  318 freq= 3241.3000 
 -2.4167512e-05   1.2553400e-05  -1.6195346e-04 
 -4.3364910e-06  -2.9990711e-04   1.2763259e-04 
 -1.5902050e-04   1.2493107e-04  -3.2018921e-04 
mode:  319 freq= 3241.6100 
 -3.2487616e-04  -9.3666385e-05  -1.3048163e-04 
 -6.3712712e-05  -8.3691842e-04   5.8068328e-04 
 -1.0578907e-04   6.0974457e-04  -1.1386903e-03 
mode:  320 freq= 3241.7800 
  3.2003406e-04  -1.5697847e-04  -2.2358734e-04 
 -1.3224855e-04   5.7778111e-04  -2.8211234e-04 
 -1.9966671e-04  -3.0632446e-04   3.1673155e-04 
mode:  321 freq= 3244.6800 
 -1.6662343e-04   1.7752484e-04  -1.3164021e-04 
  6.4881599e-05  -7.8267117e-04   2.4724146e-04 
 -1.2704060e-04   2.0074327e-04  -4.6512544e-04 
mode:  322 freq= 3249.0800 
 -4.2013642e-04  -2.5323763e-04  -1.7993182e-04 
 -2.0690736e-04  -1.0861279e-03   6.9962532e-04 
 -1.1148036e-04   7.0777983e-04  -1.3475122e-03 
mode:  323 freq= 3255.0000 
  5.8205905e-04  -2.5490313e-04  -3.9486859e-04 
 -2.2706308e-04   1.0741496e-03  -3.7347168e-04 
 -3.5840018e-04  -4.3200108e-04   4.0569789e-04 
