unit: cm^{-1}, only max(dg)>1.000e-04 are saved; dg/dQ_alpha * Q_alpha 
mode:   11 freq=    5.6100 
 -8.3669900e-04   1.7023166e-03  -8.6920787e-04 
  1.7725211e-03  -8.4670913e-03   2.0847825e-03 
 -1.0347856e-03   2.0240587e-03  -2.8484606e-03 
mode:   12 freq=   26.3100 
 -5.3164251e-04   1.5951649e-03   1.6141240e-03 
  1.2522430e-03   1.7075170e-04  -2.8170565e-04 
  1.3658551e-03  -9.2330483e-05   1.7411507e-03 
mode:   13 freq=   29.6300 
  8.1683835e-04   1.3110585e-03   2.9045935e-04 
  1.3205575e-03   1.2684606e-03  -1.7764923e-04 
  2.0801203e-04  -1.8282034e-04   9.8287719e-04 
mode:   14 freq=   37.5700 
 -1.2959903e-03  -1.4919343e-04   1.0234257e-03 
 -3.6703393e-04  -2.6260514e-03   4.4330445e-04 
  9.7147192e-04   3.8625853e-04  -1.0640031e-04 
mode:   15 freq=   45.2600 
  1.8468943e-04   3.5646447e-04   3.6524173e-04 
  6.2496373e-04   1.3744408e-03  -4.1804047e-04 
  2.9741628e-04  -6.7888419e-04   1.4514644e-03 
mode:   16 freq=   51.2000 
  5.7410831e-04   6.1949320e-04  -2.4991826e-04 
  6.7290578e-04   8.9848219e-04   3.0564408e-04 
 -1.5942605e-04   5.4442626e-04  -3.6227151e-04 
mode:   17 freq=   55.9100 
  3.0960800e-04  -6.3835803e-04  -1.1564227e-03 
 -8.8108759e-04  -1.4260195e-03   3.8436859e-04 
 -1.0433518e-03   5.5499454e-04  -1.6282105e-03 
mode:   18 freq=   73.7000 
  3.2120076e-04  -5.4205833e-04  -8.9073718e-04 
 -4.6554313e-04   6.0763510e-05  -4.5342475e-05 
 -7.8690371e-04   1.3461773e-04  -7.0305196e-04 
mode:   19 freq=   77.9000 
 -2.2918793e-04  -2.2842342e-04   2.7966661e-04 
 -4.0140235e-05  -7.0011083e-04  -2.0523827e-04 
  3.4681805e-04  -1.9696750e-04   7.9452386e-04 
mode:   20 freq=   83.8600 
 -2.5461769e-04  -6.7650019e-04  -4.5019868e-05 
 -6.2703417e-04   4.2343025e-04  -5.3031160e-04 
 -1.9422290e-05  -4.3860488e-04   8.1552584e-05 
mode:   21 freq=   88.6300 
  2.8192199e-04  -4.6406246e-04  -6.3478371e-04 
 -5.0880162e-04   3.0908017e-04  -4.4017197e-05 
 -7.3497015e-04   5.6720566e-05  -5.2065651e-04 
mode:   22 freq=   90.3400 
 -4.0320875e-04  -7.3711466e-04  -4.3977128e-04 
 -5.0567498e-04  -2.6925594e-04  -3.0659250e-04 
 -5.7898590e-04  -1.4837144e-04  -7.8839241e-04 
mode:   23 freq=  100.0900 
  1.2211942e-04  -3.8827656e-04   3.8890059e-04 
 -4.4112200e-04   1.5936331e-03  -8.5083796e-04 
  4.8563965e-04  -8.1468899e-04   1.2271718e-03 
mode:   24 freq=  107.0200 
  9.3431179e-05   8.9430142e-04   7.9669957e-04 
  7.8780877e-04   9.0888566e-04   9.6845005e-05 
  7.4780878e-04   1.8878715e-04   5.5636310e-04 
mode:   25 freq=  118.8000 
 -7.3236818e-04   3.3240170e-04   9.1126539e-04 
  2.9352867e-04  -2.5973467e-04  -1.8833217e-05 
  9.9188035e-04   6.8258104e-05   3.3487790e-04 
mode:   26 freq=  129.7300 
  7.8982285e-04  -2.7498327e-04   2.7018114e-05 
 -1.3695589e-04   2.8587521e-03  -1.0889865e-03 
  1.6990021e-05  -1.1222985e-03   1.8066658e-03 
mode:   27 freq=  137.6100 
  4.3369729e-04   9.1675179e-04   1.0932752e-04 
  8.7045894e-04   1.3860839e-04   3.5491960e-04 
  9.2010209e-05   4.2362971e-04  -1.5232932e-04 
mode:   28 freq=  142.2000 
  2.1439489e-04  -1.0280615e-03  -6.2926771e-04 
 -8.4737544e-04   7.9931437e-04  -1.2573150e-04 
 -3.3462162e-04   5.1970895e-05  -3.5060253e-04 
mode:   29 freq=  148.3500 
  7.7803397e-05   5.0342612e-04   7.3507350e-04 
  4.8094038e-04   1.5297393e-03  -8.8867526e-04 
  6.6387370e-04  -1.0224274e-03   1.8334240e-03 
mode:   30 freq=  149.8400 
 -5.0357896e-04  -6.7697316e-04   2.6779423e-04 
 -7.1627165e-04  -3.0099965e-04  -1.7824155e-04 
  2.3176868e-04  -2.8179121e-04   6.3984346e-06 
mode:   31 freq=  167.2800 
 -2.2114721e-05   5.1414437e-04   7.8122282e-06 
  4.6489553e-04  -1.1949099e-03   2.6654383e-05 
 -3.0244656e-05  -8.0088405e-05   7.4212467e-05 
mode:   32 freq=  172.3700 
 -3.4746408e-04   2.0313318e-03   1.1183979e-03 
  1.9948980e-03  -1.4980087e-03   3.7701505e-04 
  1.1528708e-03   3.6270553e-04   8.6328324e-04 
mode:   33 freq=  177.3300 
 -1.4405227e-04  -1.6832487e-03  -8.3251375e-04 
 -1.6066424e-03  -5.4812026e-04  -1.9416223e-04 
 -7.7403609e-04  -1.0973909e-04  -1.0879466e-03 
mode:   34 freq=  180.5000 
 -4.7604922e-04   1.4963995e-03   8.0327538e-04 
  1.3768925e-03  -2.4512458e-03  -9.1601345e-05 
  7.0306731e-04  -1.9802219e-04   1.3335328e-03 
mode:   35 freq=  189.3800 
 -1.0299684e-03   1.9270269e-03   1.3945202e-03 
  1.8557723e-03  -2.9643293e-03   1.8201745e-04 
  1.2556713e-03   1.1501733e-04   1.0619632e-03 
mode:   36 freq=  193.7500 
 -1.7044499e-03  -1.5023274e-04   9.9527224e-04 
 -4.9628052e-04  -2.4171462e-03  -1.2206992e-05 
  1.2787985e-03   3.1327402e-04   1.6321269e-04 
mode:   37 freq=  196.8400 
 -8.4187573e-04   1.7647255e-03   1.1890737e-03 
  1.5519573e-03  -2.7481661e-03  -1.1762966e-06 
  1.1579306e-03  -4.0284640e-05   1.4805010e-03 
mode:   38 freq=  198.8600 
 -1.1987295e-03   2.9843734e-03   2.1517346e-03 
  2.8579804e-03  -4.5076320e-03  -5.5516374e-04 
  1.9187900e-03  -5.8118632e-04   3.0810778e-03 
mode:   39 freq=  205.8000 
 -6.2196948e-04  -3.3465160e-03  -2.0907068e-03 
 -3.0343887e-03  -1.4029460e-03   9.5475566e-04 
 -1.8381231e-03   9.0875679e-04  -4.5772590e-03 
mode:   40 freq=  206.4800 
 -1.7866350e-03   2.6232456e-03   2.0419641e-03 
  2.4063144e-03  -5.3530210e-03  -1.1121696e-04 
  1.9974952e-03  -1.7900231e-04   2.2964903e-03 
mode:   41 freq=  221.6900 
 -4.1181100e-04   1.8070382e-03   1.1816859e-03 
  1.7174676e-03  -1.5809738e-03  -9.3717358e-05 
  9.9422274e-04  -1.3320285e-04   1.4810664e-03 
mode:   42 freq=  227.2400 
  2.2985984e-04  -5.6376673e-04  -1.4606369e-04 
 -5.8916880e-04   1.1314630e-03  -5.1519112e-04 
 -1.3202922e-04  -5.4869596e-04   3.7631437e-04 
mode:   43 freq=  236.7200 
 -4.2031021e-05  -1.2286050e-03  -7.2668612e-04 
 -1.1448449e-03  -1.1758937e-03   5.6696916e-04 
 -8.3445354e-04   7.2236746e-04  -1.7795463e-03 
mode:   44 freq=  238.3000 
 -2.6677390e-04   4.1400586e-04   4.7529967e-05 
  3.1778809e-04  -1.1676809e-03   4.3435514e-04 
 -2.4042550e-05   4.5045447e-04  -4.3431447e-04 
mode:   45 freq=  241.0500 
 -3.4735419e-04  -1.2511925e-03  -6.6456843e-05 
 -1.1635219e-03   2.6014019e-04  -2.3706268e-04 
 -5.4380932e-05  -2.0301797e-04  -3.7994607e-04 
mode:   46 freq=  253.2800 
 -2.0532034e-03  -2.9067528e-03   6.6483060e-04 
 -2.7049816e-03  -1.5891736e-03   1.3581394e-03 
  6.1393331e-04   1.4435579e-03  -3.1892643e-03 
mode:   47 freq=  254.6600 
 -4.7833298e-04   7.5187963e-04   9.6611213e-04 
  6.4951146e-04   1.8154076e-04   7.2832578e-04 
  8.5511027e-04   5.0811462e-04  -4.9875675e-05 
mode:   48 freq=  269.3700 
 -1.8080750e-03  -2.8181850e-03   5.3345856e-04 
 -2.8827011e-03   2.9773626e-04   2.3458008e-04 
  6.2769666e-04   2.8878218e-04  -1.6994652e-03 
mode:   49 freq=  276.9000 
 -2.1187139e-03  -2.7664180e-03   8.2927618e-04 
 -2.6240519e-03  -1.3267723e-03   1.3177459e-03 
  8.0737442e-04   1.3748775e-03  -2.9857376e-03 
mode:   50 freq=  279.5200 
 -5.2185844e-04   1.9967067e-03   1.9755566e-03 
  1.6865988e-03   1.4898314e-03   5.5796373e-04 
  1.9902447e-03   1.3117428e-04   1.3956991e-03 
mode:   51 freq=  281.9100 
  5.5588389e-04  -5.6615952e-04  -3.3091987e-04 
 -6.4918342e-04   1.9488893e-03  -3.0528644e-04 
 -2.8047864e-04  -4.2020666e-04   2.3277362e-04 
mode:   52 freq=  283.0000 
 -2.0372383e-03  -5.0027468e-03  -6.4343857e-04 
 -4.6943195e-03  -2.2588222e-03   1.4270807e-03 
 -6.9770800e-04   1.9828841e-03  -5.1614974e-03 
mode:   53 freq=  294.7100 
  1.8604371e-04   3.4072817e-04   2.3117269e-04 
  1.6602051e-04   1.1541851e-03   6.6023901e-04 
  1.5487439e-04   5.1676249e-04  -3.7657354e-04 
mode:   54 freq=  297.3600 
 -3.3457516e-04   6.0165725e-05   4.9942348e-04 
  1.9693661e-05   6.1309739e-05  -5.6380677e-04 
  4.8971778e-04  -6.9062396e-04   9.4741865e-04 
mode:   55 freq=  304.4600 
 -2.4772457e-03  -2.4141831e-03   1.4230147e-03 
 -2.2587861e-03  -1.1620301e-03   1.3543319e-03 
  1.4163740e-03   1.3039440e-03  -2.6079676e-03 
mode:   56 freq=  311.0400 
 -4.8331282e-05   7.3003019e-05   1.6060493e-04 
  4.0665372e-05   1.1289966e-04   7.2193897e-04 
  4.5623692e-05   6.6203742e-04  -7.2209838e-04 
mode:   57 freq=  314.4400 
 -6.8965813e-04  -1.2013005e-03   7.2771545e-04 
 -1.2404028e-03   1.4734402e-03   1.2894255e-04 
  7.6113477e-04  -1.8289544e-05  -3.1927414e-04 
mode:   58 freq=  318.4600 
  2.5136321e-04  -1.2455329e-03  -1.4292796e-03 
 -1.1008746e-03  -2.3973023e-03   5.7559806e-04 
 -1.5939672e-03   7.1483578e-04  -2.2744050e-03 
mode:   59 freq=  322.5800 
 -5.4687329e-04   4.9215280e-04   5.0469792e-04 
  4.1154446e-04  -1.3866576e-03   5.0433612e-04 
  4.3200996e-04   4.4017300e-04  -2.6195452e-04 
mode:   60 freq=  326.3000 
  3.6399529e-05  -1.0888532e-03  -8.5135711e-05 
 -1.1706287e-03   1.6009101e-03  -4.5443718e-05 
 -1.0380538e-04  -1.8074891e-04  -3.5454759e-04 
mode:   61 freq=  333.4100 
  2.3998356e-03   1.3435835e-04  -2.8697289e-03 
  2.2451980e-04  -1.2260116e-03  -4.4744882e-04 
 -3.2630767e-03  -2.1740486e-04  -7.8477019e-04 
mode:   62 freq=  336.4900 
 -8.0948370e-04   1.3454165e-03   1.5869575e-03 
  1.3439797e-03  -8.5365165e-04   1.6279256e-04 
  1.4687520e-03   1.4127570e-04   1.0478717e-03 
mode:   63 freq=  339.1900 
  3.3677414e-04  -5.4574499e-04   1.7908041e-04 
 -6.2657935e-04   2.5799321e-03  -3.5506125e-04 
  7.7216988e-05  -5.1987760e-04   5.2323309e-04 
mode:   64 freq=  367.8000 
 -1.4894869e-03  -8.3541659e-04   1.0216800e-03 
 -5.3117326e-04  -1.4126974e-03   7.3019550e-04 
  8.6835001e-04   7.9212085e-04  -1.3629983e-03 
mode:   65 freq=  373.6400 
 -3.6589111e-04   1.1886861e-03   1.0691684e-03 
  1.1536536e-03   1.4499228e-04   1.1168163e-04 
  8.7514925e-04  -1.7439042e-06   8.8615020e-04 
mode:   66 freq=  376.6600 
 -3.3469566e-03  -1.9132378e-03   3.2752230e-03 
 -1.9495554e-03   9.1597737e-04   1.0209182e-03 
  3.5383989e-03   7.4714202e-04  -9.3145994e-04 
mode:   67 freq=  378.2700 
  1.1914886e-04  -1.0195908e-03  -1.0266845e-03 
 -8.8523649e-04  -1.9589541e-03   5.0381076e-04 
 -1.1780843e-03   6.1870947e-04  -1.8565224e-03 
mode:   68 freq=  386.3500 
 -7.5097943e-06   2.3590504e-03   2.0850663e-03 
  2.3226076e-03   1.9227936e-03  -3.5996991e-04 
  1.8620245e-03  -4.7366214e-04   2.8116685e-03 
mode:   69 freq=  405.9800 
  1.3209090e-03   8.7068479e-04  -8.5059781e-04 
  7.8082358e-04   7.2432692e-04  -8.2582892e-04 
 -8.9819387e-04  -9.2664426e-04   1.2560720e-03 
mode:   70 freq=  413.7200 
 -4.2320652e-04  -9.3550173e-04  -3.5780716e-04 
 -7.5088607e-04  -1.7299352e-03   5.9562353e-04 
 -4.7529230e-04   6.9439216e-04  -1.5486705e-03 
mode:   71 freq=  414.6900 
 -2.3372015e-04  -2.3614821e-04  -4.4479836e-04 
 -2.1146056e-04  -1.9969636e-03   6.1654397e-04 
 -5.7460241e-04   6.6528682e-04  -1.3457201e-03 
mode:   72 freq=  426.0200 
  4.0706587e-03   2.2411986e-03  -3.0874571e-03 
  2.1032511e-03   2.2069927e-03  -2.1167793e-03 
 -3.0687642e-03  -2.0908886e-03   2.8398300e-03 
mode:   73 freq=  427.6000 
 -2.9561693e-04  -2.4361558e-04   2.8643966e-04 
 -1.9670798e-04   5.0099879e-05   3.9179512e-04 
  2.5519075e-04   3.1832125e-04  -5.7155977e-04 
mode:   74 freq=  443.5300 
 -9.9550482e-04  -9.4358589e-04  -1.9849061e-04 
 -8.3693237e-04  -3.2342660e-03   1.0276810e-03 
 -3.8599926e-04   1.1351248e-03  -2.2176600e-03 
mode:   75 freq=  448.4200 
  1.1527281e-05   6.7094814e-04   4.8658757e-04 
  6.1864942e-04   1.3541706e-04  -3.2102400e-04 
  3.9009866e-04  -4.8239520e-04   1.1143960e-03 
mode:   76 freq=  455.5400 
 -6.4417615e-04  -1.6683684e-03  -3.8415644e-04 
 -1.6410759e-03  -9.7360761e-04   7.9202297e-04 
 -4.7517071e-04   8.9548033e-04  -2.5376577e-03 
mode:   77 freq=  457.9000 
 -1.4367407e-03  -7.5701139e-04   6.8218227e-04 
 -7.7044739e-04  -2.1068749e-03   1.1089712e-03 
  5.2143752e-04   1.1069033e-03  -1.8801406e-03 
mode:   78 freq=  469.1200 
  9.0676469e-04   9.4166074e-04  -3.5248624e-04 
  7.7871730e-04   7.9723129e-04  -6.2177444e-04 
 -3.7800024e-04  -7.9895011e-04   1.2047317e-03 
mode:   79 freq=  475.2300 
  9.3512079e-04   7.7928249e-05  -1.2490774e-03 
 -4.2041253e-06  -3.1552309e-04   5.0305929e-05 
 -1.2820048e-03   4.8004397e-05  -7.7301415e-04 
mode:   80 freq=  479.8100 
  2.1155338e-03   2.3260516e-04  -2.7371007e-03 
  2.7326642e-04  -1.0044076e-03  -3.9774182e-04 
 -2.8436093e-03  -1.6482241e-04  -7.2053078e-04 
mode:   81 freq=  487.6200 
 -2.2725773e-04  -6.3785889e-04  -3.1526150e-04 
 -5.5267053e-04  -8.7239645e-04  -3.7970081e-04 
 -2.6857514e-04  -3.4770055e-04  -8.0982418e-05 
mode:   82 freq=  493.9200 
  2.1080808e-04   4.1573257e-04   1.3499741e-05 
  4.0362471e-04   7.0846767e-05   1.2977011e-04 
  3.0526202e-05   9.7580000e-05   8.6179392e-05 
mode:   83 freq=  495.8700 
 -2.7803323e-04   1.6359290e-04   5.3447551e-05 
  1.9069530e-04  -1.0528023e-03   4.4501935e-04 
  6.7440962e-06   4.3580974e-04  -5.2612576e-04 
mode:   84 freq=  506.9700 
 -9.3376223e-05  -7.0602013e-04  -3.5130273e-04 
 -7.0686886e-04  -8.7216112e-04  -4.7098568e-04 
 -2.8185204e-04  -4.4173981e-04  -6.8656612e-05 
mode:   85 freq=  511.8800 
  1.0949404e-04   4.8063256e-04   6.7407094e-05 
  5.2711106e-04   8.9542779e-05   1.9156391e-04 
  6.6514893e-05   1.5822003e-04   9.6159584e-05 
mode:   86 freq=  528.9800 
 -6.0287763e-04   1.2232187e-04   3.6117884e-04 
  1.8278930e-04  -1.0619940e-03   5.3343549e-04 
  2.6582959e-04   4.4859305e-04  -7.4796922e-04 
mode:   87 freq=  532.4100 
 -4.1360030e-04  -5.7362683e-04  -3.0690194e-04 
 -5.2749954e-04  -1.5890630e-03  -3.9158976e-04 
 -2.4767114e-04  -3.1534946e-04  -6.6310854e-05 
mode:   88 freq=  542.6100 
  3.7593554e-05   6.8769822e-04   4.4667289e-04 
  7.0255815e-04  -2.1660226e-04   1.4850766e-04 
  4.9723394e-04   1.8839719e-04   4.5460424e-04 
mode:   89 freq=  557.8300 
 -4.8739663e-04   5.0222162e-05  -1.7796986e-04 
  8.5152738e-06  -2.0250334e-03   3.7002192e-04 
 -2.1530187e-04   4.0247993e-04  -6.8487443e-04 
mode:   90 freq=  565.0700 
 -1.3904150e-04  -2.4648736e-04  -4.9677955e-05 
 -2.1495218e-04  -2.6404661e-04  -3.6727997e-04 
 -4.0084684e-05  -3.9870410e-04   4.3027842e-04 
mode:   91 freq=  571.5500 
  1.7730359e-04   5.5858213e-04   2.8572695e-04 
  5.0433761e-04   4.1801214e-04   1.1256534e-04 
  2.9865466e-04   9.0307143e-05   3.9043088e-04 
mode:   92 freq=  577.6200 
 -1.0435518e-04   1.9511785e-05  -4.7294784e-05 
 -3.2833109e-05  -6.3091037e-04   3.7521162e-04 
 -8.5921962e-05   4.1323809e-04  -5.7843314e-04 
mode:   93 freq=  581.2100 
 -2.9078107e-04   5.2261538e-04   6.0312345e-04 
  4.4640507e-04   7.7418907e-05   6.3082992e-05 
  5.4768628e-04   1.1915163e-04   2.8779735e-04 
mode:   94 freq=  593.7900 
  2.5318125e-04  -9.4773237e-05  -2.9593288e-04 
 -5.7372115e-05   6.8530552e-05  -5.4345092e-05 
 -3.2477934e-04  -1.2074074e-04  -5.1640074e-05 
mode:   95 freq=  604.4800 
 -1.3173140e-04  -4.5761994e-04  -2.1688467e-04 
 -4.4500111e-04  -7.4938509e-04  -1.5012721e-05 
 -2.2692504e-04  -3.9905157e-05  -2.6633919e-04 
mode:   96 freq=  612.3800 
 -4.3919916e-04   3.4214466e-04   6.2805969e-04 
  3.1795894e-04   8.8653651e-06  -2.2571523e-04 
  6.4369897e-04  -2.0019347e-04   5.7997731e-04 
mode:   97 freq=  630.2400 
  4.3745305e-04   7.3275843e-05  -3.3101730e-04 
  7.0918969e-05   3.8364917e-04   8.0204879e-05 
 -2.9176356e-04   1.7112455e-05  -5.4002437e-05 
mode:   98 freq=  641.0900 
 -1.2107956e-05  -3.1696145e-04  -2.0985590e-04 
 -3.6555668e-04  -6.8026014e-04   1.7717959e-04 
 -2.5211491e-04   1.7092978e-04  -3.8808627e-04 
mode:   99 freq=  651.8400 
  1.9643975e-04   4.5802012e-04   3.5004919e-04 
  4.1855390e-04   1.1341522e-03  -4.4125773e-04 
  4.7307336e-04  -3.7168312e-04   8.9866934e-04 
mode:  100 freq=  654.6900 
  6.9480577e-04   2.0691263e-05  -3.1432760e-04 
  1.6081229e-05   1.0835830e-03  -2.8224786e-05 
 -1.8663070e-04   2.6936183e-05   2.1925616e-04 
mode:  101 freq=  658.1500 
  2.4802255e-04  -1.3909485e-04  -3.2244398e-04 
 -3.2740148e-04  -4.1737920e-04   1.3759437e-04 
 -2.5681589e-04   1.8966723e-04  -1.8762632e-04 
mode:  102 freq=  672.6200 
 -8.0651543e-04   2.7547456e-04   8.6595306e-04 
  2.3409721e-04  -6.8612689e-04  -3.9268470e-04 
  8.7480914e-04  -4.1874320e-04   9.0546315e-04 
mode:  103 freq=  709.3500 
  4.3954093e-04   2.2087725e-04  -2.1759717e-04 
  2.2629358e-04   5.4311504e-04   9.0616955e-05 
 -1.9627219e-04   6.2064352e-05  -1.5869906e-05 
mode:  104 freq=  724.7200 
  1.9491820e-04  -1.9217425e-04  -4.2915066e-04 
 -1.6512080e-04  -3.1602802e-04   3.3947440e-04 
 -4.1512801e-04   3.8270209e-04  -6.9447041e-04 
mode:  105 freq=  725.9500 
 -8.8190559e-04   2.1998378e-04   9.6140407e-04 
  1.8840202e-04  -7.5815634e-04  -5.8182434e-04 
  9.4272329e-04  -6.3457403e-04   1.1088902e-03 
mode:  106 freq=  728.9000 
  6.1411102e-04   3.3956344e-04  -2.6831889e-04 
  3.1677250e-04   7.0865872e-04   9.8797984e-05 
 -2.2620694e-04   6.7454782e-05   1.9143330e-04 
mode:  107 freq=  744.2700 
  2.5981773e-04  -3.6899783e-04  -5.3866157e-04 
 -2.4484745e-04  -1.1496356e-04   4.1542060e-04 
 -5.2862954e-04   5.3364982e-04  -9.3558424e-04 
mode:  108 freq=  754.8500 
 -7.9548272e-04   2.6217900e-04   8.8518285e-04 
  1.5061583e-04  -9.1941248e-04  -3.9931671e-04 
  8.3391044e-04  -4.2848584e-04   9.4406494e-04 
mode:  109 freq=  757.7800 
  3.6408823e-04   3.8408194e-04  -8.9456807e-06 
  3.5402933e-04   6.0548834e-04   1.4135831e-04 
  5.1913766e-06   9.3124325e-05   1.5602608e-04 
mode:  110 freq=  765.3000 
  3.1820732e-04  -2.4148826e-04  -5.4957221e-04 
 -1.7340236e-04   2.4801796e-05   3.0976409e-04 
 -5.2635465e-04   3.7295113e-04  -7.7454053e-04 
mode:  111 freq=  768.4500 
 -1.2297055e-03   4.8652761e-04   1.6111383e-03 
  2.2669078e-04  -1.4614664e-03  -5.6378542e-04 
  1.4560985e-03  -6.4971591e-04   1.5166023e-03 
mode:  112 freq=  773.1200 
  4.5820058e-04   1.6760789e-04  -1.7357290e-04 
  2.6083695e-04   8.3591487e-04   1.5260759e-04 
 -1.7532408e-04   1.4268346e-04  -6.9601017e-06 
mode:  113 freq=  785.6000 
  4.1505287e-04  -3.3019618e-04  -5.9224309e-04 
 -1.8697453e-04   5.0731652e-04   3.3357093e-04 
 -4.6412843e-04   4.2413203e-04  -7.8370122e-04 
mode:  114 freq=  790.1000 
  2.2446460e-04   4.1774141e-04   7.9552105e-05 
  4.7464952e-04   6.5139195e-04  -3.7379072e-05 
  8.0047199e-05  -1.2266686e-05   3.7151208e-04 
mode:  115 freq=  790.4400 
  3.7618282e-05   8.5298270e-06  -7.4992013e-06 
  2.0679408e-05  -1.3929443e-04  -6.0643317e-05 
 -3.1162396e-05  -7.0328398e-05   9.9425729e-05 
mode:  116 freq=  795.3300 
 -1.4465341e-04  -3.2939078e-04  -4.2700562e-05 
 -3.7290439e-04  -6.8805378e-04  -8.1141292e-05 
 -2.6912921e-05  -1.3148862e-04   5.1538494e-05 
mode:  117 freq=  812.7400 
  4.6178591e-04   5.7648416e-04   2.5295108e-05 
  6.1795839e-04   1.2127706e-03  -4.4882935e-04 
 -3.8606079e-05  -3.7145517e-04   6.5644391e-04 
mode:  118 freq=  816.3600 
 -1.9926373e-04   1.9028923e-05   2.3663183e-04 
 -5.2623223e-05  -5.9969519e-04  -2.5907621e-04 
  1.8234894e-04  -2.7587117e-04   2.7173513e-04 
mode:  119 freq=  818.1400 
 -2.6253498e-04  -3.2719232e-04   6.7600534e-05 
 -4.1074414e-04  -9.1772873e-04  -1.9416542e-04 
  6.4792528e-05  -2.4712045e-04   1.2332932e-04 
mode:  120 freq=  823.9200 
  3.3658509e-04  -3.2502180e-04  -6.6368716e-04 
 -1.7947387e-04   1.8171180e-04  -1.0861495e-04 
 -7.4056418e-04  -8.9540392e-05  -4.0202266e-04 
mode:  121 freq=  843.5900 
  3.6373044e-04  -3.3648858e-04  -5.9927217e-04 
 -2.3159120e-04   1.5982651e-04  -1.3593248e-04 
 -6.7049757e-04  -1.2234137e-04  -2.5958842e-04 
mode:  122 freq=  845.7300 
 -3.3212623e-04  -7.8421131e-04  -2.7510066e-04 
 -8.1973940e-04  -1.4590457e-03  -7.7355549e-05 
 -2.9948535e-04  -1.5349843e-04  -4.4618817e-04 
mode:  123 freq=  855.9100 
 -2.0400203e-04   3.2856830e-04   6.3853956e-04 
  3.4303569e-04   6.7223058e-05  -1.9275052e-04 
  5.7944786e-04  -1.9931680e-04   8.6237353e-04 
mode:  124 freq=  870.2100 
  2.1591192e-04   1.5309854e-04  -1.7567830e-04 
  1.6114147e-04   4.2856167e-04   3.0276238e-05 
 -1.2437607e-04   5.8173905e-05  -4.1719257e-05 
mode:  125 freq=  875.2000 
  5.7015219e-05  -6.7702123e-05  -3.1027052e-04 
 -1.5245415e-04  -5.9901995e-04   3.3124062e-04 
 -2.7788864e-04   3.1447423e-04  -6.1777071e-04 
mode:  126 freq=  877.2700 
 -4.7590388e-04   1.1420235e-03   1.8853308e-03 
  1.0975997e-03   9.7918112e-04  -2.4289861e-04 
  1.7233608e-03  -3.4311052e-04   2.0754270e-03 
mode:  127 freq=  890.4000 
  1.4630268e-04   1.6802929e-04  -1.5018713e-04 
  1.0739447e-04  -2.7176708e-05   1.7597228e-04 
 -1.3455693e-04   2.0650113e-04  -2.6387716e-04 
mode:  128 freq=  914.7500 
  2.6201246e-04   1.8006747e-04  -2.2256060e-04 
  3.6779554e-05  -7.2605307e-05   2.1274786e-04 
 -2.0932861e-04   2.1709261e-04  -2.0043958e-04 
mode:  129 freq=  921.7400 
 -6.9512952e-04   2.0385545e-03   3.0191040e-03 
  1.9497971e-03   1.7218859e-03  -2.2385159e-04 
  2.7756296e-03  -2.6274133e-04   3.0118435e-03 
mode:  130 freq=  928.4700 
  3.5103911e-04   3.8843233e-04   8.2252664e-05 
  2.5195554e-04   5.7958770e-04  -7.1062677e-05 
  2.0584360e-06  -5.5560473e-05   3.6637153e-04 
mode:  131 freq=  933.4500 
 -7.1452549e-05   8.8000295e-04   7.1794141e-04 
  7.3537198e-04   2.4858145e-04   3.6043481e-04 
  7.0141547e-04   4.2220262e-04   3.3768768e-04 
mode:  132 freq=  935.4600 
 -3.5756854e-04   7.8915816e-04   1.3065910e-03 
  7.3202295e-04   5.4956578e-04  -2.1895012e-04 
  1.2115097e-03  -2.8243431e-04   1.5290374e-03 
mode:  133 freq=  938.8600 
  2.6769877e-04   1.7313523e-04  -1.6518305e-04 
  1.6617224e-04   4.6889606e-04   2.4675089e-05 
 -1.3921974e-04   3.9559564e-05  -4.7678332e-06 
mode:  134 freq=  948.8200 
 -1.8586817e-04   5.4304303e-04   4.6257255e-04 
  2.6255632e-04  -9.2577304e-04   5.8094220e-04 
  3.6829089e-04   5.8431700e-04  -2.7670309e-04 
mode:  135 freq=  953.8500 
 -3.0336404e-04   1.5735414e-03   2.2917713e-03 
  1.5011524e-03   2.0231380e-03  -4.7083282e-04 
  2.1128356e-03  -5.5178394e-04   2.8472601e-03 
mode:  136 freq=  955.7900 
  9.8729876e-05   8.7081741e-05  -1.6859626e-04 
 -2.1646321e-05  -2.7754608e-04   7.5689761e-06 
 -2.0852501e-04   6.5312360e-06  -1.3832214e-04 
mode:  137 freq=  956.3400 
 -7.8316159e-05  -8.3295867e-04  -1.2212710e-03 
 -9.3620543e-04  -2.4407192e-03   6.4082943e-04 
 -1.1851727e-03   6.0646640e-04  -1.9250919e-03 
mode:  138 freq=  956.9700 
 -6.9916130e-04  -3.9840037e-04   3.2746641e-04 
 -3.6843290e-04  -1.5819111e-03  -3.5474082e-05 
  2.5745801e-04  -1.6609050e-04   1.5894462e-04 
mode:  139 freq=  957.6900 
 -9.0327556e-06   1.3091559e-04   1.0837543e-04 
  1.5163340e-04   3.8414439e-04  -6.6253251e-05 
  1.5270873e-04  -5.5322574e-05   9.9897089e-05 
mode:  140 freq=  959.3600 
  3.4557474e-04  -6.7539026e-04  -1.1245325e-03 
 -7.7374172e-04  -9.7417261e-04   1.2198023e-04 
 -1.0673619e-03   7.8697435e-05  -9.9190394e-04 
mode:  141 freq=  966.1300 
 -2.3778285e-04   3.4139662e-04   9.9176843e-04 
  3.2133165e-04   2.3095591e-04  -3.5946548e-04 
  8.4800711e-04  -4.8378689e-04   1.4911752e-03 
mode:  142 freq=  970.8700 
 -3.4819358e-04   1.7048505e-03   2.4074676e-03 
  1.5850105e-03   1.6082447e-03  -2.7569567e-04 
  2.2182661e-03  -2.6947019e-04   2.6156269e-03 
mode:  143 freq=  975.8500 
 -8.1448794e-04  -1.4890991e-03  -1.4177549e-03 
 -1.5496171e-03  -4.2822277e-03   7.2065000e-04 
 -1.3148975e-03   6.6257421e-04  -2.6195585e-03 
mode:  144 freq=  982.4600 
  7.7647600e-06  -1.1127065e-04   4.1513424e-04 
 -1.3996798e-04   2.0846499e-05  -5.5001811e-04 
  2.9139915e-04  -7.1403334e-04   1.2231736e-03 
mode:  145 freq=  989.9600 
  5.4315357e-05  -6.8977026e-04  -1.0164096e-03 
 -6.1458343e-04  -4.7315318e-04   4.1430799e-05 
 -8.6534338e-04   5.3214908e-05  -1.1924913e-03 
mode:  146 freq=  990.6500 
 -6.1714729e-04   1.1623744e-03   1.7306581e-03 
  9.8491347e-04  -5.3818528e-04   4.2037153e-04 
  1.5673067e-03   4.1647837e-04   1.2016584e-03 
mode:  147 freq= 1008.5400 
 -1.9198585e-05  -2.3602856e-03  -2.6504843e-03 
 -2.2299046e-03  -2.9912746e-03   5.0086924e-06 
 -2.4806708e-03  -1.4609329e-04  -2.6812177e-03 
mode:  148 freq= 1015.0400 
 -7.8704325e-04  -4.6611426e-04  -2.4919612e-04 
 -4.1319582e-04  -1.8269386e-03   3.5891774e-04 
 -1.4994098e-04   3.8491010e-04  -1.2738371e-03 
mode:  149 freq= 1020.1300 
 -1.8378288e-04  -1.4258198e-03  -1.8198076e-03 
 -1.4781026e-03  -2.9037058e-03   4.5902671e-04 
 -1.6808351e-03   4.2525784e-04  -2.4753596e-03 
mode:  150 freq= 1021.5200 
 -2.7870146e-04  -2.6446365e-04   1.4158393e-04 
 -2.3748668e-04  -7.2127984e-04  -1.7258811e-04 
  1.0567576e-04  -2.7447534e-04   3.5300145e-04 
mode:  151 freq= 1025.5000 
  3.2198573e-04   3.9053199e-05  -6.3966446e-04 
  8.0755801e-05   3.1442574e-04   2.0901149e-04 
 -5.2331669e-04   3.2225661e-04  -8.4752469e-04 
mode:  152 freq= 1027.1200 
  3.4129460e-04   9.4422125e-04   5.4614662e-04 
  8.0139412e-04   1.2943764e-03   1.1014133e-04 
  5.5139360e-04   1.5372792e-04   6.5175247e-04 
mode:  153 freq= 1031.2800 
 -4.1513113e-04  -1.8824167e-04   1.6648607e-04 
 -1.6718560e-04  -1.1410867e-03   1.6061733e-04 
  3.5879573e-05   9.0320252e-05  -2.0241182e-04 
mode:  154 freq= 1040.8400 
  8.1042918e-04  -8.5434649e-04  -1.9246346e-03 
 -8.8431482e-04  -2.8545897e-04   2.4019743e-04 
 -1.8009111e-03   3.8923893e-04  -1.8003618e-03 
mode:  155 freq= 1042.6700 
 -4.4149025e-05   1.4594188e-03   1.1913914e-03 
  1.3424437e-03   1.1085860e-03   4.7721613e-04 
  1.0875010e-03   5.3814627e-04   4.7950737e-04 
mode:  156 freq= 1043.5400 
 -5.9476194e-04  -1.0741575e-03  -7.9776122e-04 
 -1.0344200e-03  -2.9040065e-03   2.9430227e-04 
 -8.9178469e-04   2.5000033e-04  -1.5368480e-03 
mode:  157 freq= 1046.4000 
  9.7915465e-05   5.8091331e-04   5.7608752e-05 
  6.6206007e-04   8.3101550e-04   2.6246597e-04 
  1.9738471e-04   3.7080387e-04  -3.6783825e-04 
mode:  158 freq= 1047.2500 
  1.1852772e-04   1.3023497e-03   1.0255703e-03 
  1.1987497e-03   1.5038801e-03   2.0107151e-04 
  1.0457458e-03   2.4395767e-04   8.5022976e-04 
mode:  159 freq= 1050.8500 
 -6.2959441e-04  -2.4435626e-04   5.2923569e-04 
 -1.3446987e-04  -1.0515896e-03  -1.7007161e-04 
  3.9491051e-04  -2.6679866e-04   4.4864653e-04 
mode:  160 freq= 1055.9800 
  5.1415825e-04   2.8297612e-04  -5.7364705e-04 
  3.1673657e-04   9.7186790e-04   7.3089207e-05 
 -3.8965010e-04   1.9670993e-04  -5.1451523e-04 
mode:  161 freq= 1058.6100 
  1.5787846e-04   3.1059467e-04   8.2310499e-05 
  1.1762515e-04  -5.5534258e-05   4.2550692e-04 
 -4.8898714e-06   4.3569845e-04  -2.0366730e-04 
mode:  162 freq= 1060.7100 
  3.5068508e-04   3.1195943e-04  -1.6093143e-04 
  3.4081821e-04   7.7049445e-04   3.2856021e-05 
 -1.3195973e-04   7.2802525e-05   9.1877284e-05 
mode:  163 freq= 1074.3000 
  1.4787203e-04   1.7577215e-04  -5.8502403e-05 
  1.1937192e-04   2.4316697e-04   6.6408329e-05 
 -7.0297180e-05   1.1836499e-04  -1.6323687e-04 
mode:  164 freq= 1082.2700 
  2.0244255e-04  -4.7459277e-05  -3.7568159e-04 
 -5.8405230e-05   1.0652852e-04   2.5908102e-04 
 -2.8651165e-04   3.0840435e-04  -5.5554928e-04 
mode:  165 freq= 1083.7900 
  9.3816823e-05   7.4720755e-04   1.2481728e-04 
  7.0988875e-04   4.3267575e-04   2.4391875e-04 
  1.6001742e-04   3.8943617e-04  -1.6494617e-04 
mode:  166 freq= 1092.3300 
 -2.5404920e-04   8.3439150e-04   1.0219131e-03 
  5.7080554e-04   3.6615618e-04   6.5977869e-05 
  1.0035463e-03   3.3198912e-05   1.1111311e-03 
mode:  167 freq= 1094.8300 
  5.7372524e-04  -6.6012215e-04  -1.1280401e-03 
 -5.1881219e-04   2.4421901e-04   1.3012726e-04 
 -1.0395860e-03   1.6256501e-04  -1.0903962e-03 
mode:  168 freq= 1110.1800 
  6.8532152e-04   2.9821528e-04  -5.5667666e-04 
  3.6793111e-04   1.1423165e-03  -2.3089241e-04 
 -5.1195668e-04  -1.7502749e-04   5.8818974e-05 
mode:  169 freq= 1114.1000 
 -1.8353977e-04   4.8026675e-04   4.9154251e-04 
  3.4882909e-04   1.8842196e-05   2.4654600e-04 
  4.4824298e-04   3.1549483e-04   3.6277984e-05 
mode:  170 freq= 1115.0900 
  2.6771745e-04   3.9992379e-04  -2.0552575e-04 
  3.4731615e-04   4.0734854e-04   9.1813385e-05 
 -1.4238789e-04   1.9833730e-04  -3.1947077e-04 
mode:  171 freq= 1122.5700 
  1.9777143e-04  -4.4739825e-05  -2.3096219e-04 
  1.8820553e-05   4.1988872e-04   1.0075056e-04 
 -2.3551664e-04   1.2326849e-04  -2.7274497e-04 
mode:  172 freq= 1132.3200 
  2.4969812e-04  -9.4233812e-05  -3.6804028e-04 
 -1.1524360e-04   1.6328391e-04   1.7171927e-04 
 -3.5574533e-04   2.2340193e-04  -5.1411719e-04 
mode:  173 freq= 1134.4500 
  2.1569357e-04  -8.3793527e-05  -5.4554208e-04 
 -6.4485140e-05  -3.9474160e-05   3.6610354e-04 
 -4.7923100e-04   3.8734901e-04  -8.6959910e-04 
mode:  174 freq= 1142.4900 
  1.2073296e-04   3.2208867e-04   5.6601884e-05 
  3.3653790e-04   5.5317416e-04   2.6318009e-04 
  5.3919940e-05   2.6091926e-04  -1.7269642e-04 
mode:  175 freq= 1149.5900 
  2.7342905e-04  -3.3995171e-04  -4.6506289e-04 
 -3.5769496e-04   5.7371992e-04   2.5658723e-04 
 -3.8244503e-04   3.0268156e-04  -8.0965747e-04 
mode:  176 freq= 1153.6700 
  1.0853610e-04   5.8635808e-04  -9.1143244e-05 
  5.6527387e-04  -2.9140120e-05   6.9674716e-04 
 -5.7944388e-05   6.7801669e-04  -7.9017128e-04 
mode:  177 freq= 1169.6600 
 -1.1375007e-04   1.3942563e-03   8.1618925e-04 
  1.3768580e-03   4.3481181e-04   4.3700302e-04 
  6.6225012e-04   3.6273323e-04   4.9388100e-04 
mode:  178 freq= 1175.3700 
  9.0548150e-04  -9.9334995e-04  -1.2231853e-03 
 -1.0328903e-03   1.7372091e-03   1.9731671e-04 
 -9.6817203e-04   3.0407918e-04  -1.3130143e-03 
mode:  179 freq= 1180.4600 
 -2.4642838e-05   8.5051366e-04   2.4913016e-04 
  8.0791544e-04   3.0400814e-04   8.8599750e-04 
  2.7753551e-04   9.1520933e-04  -7.6500069e-04 
mode:  180 freq= 1183.0200 
  3.2715293e-04  -3.3508872e-04  -5.3419226e-04 
 -3.0221258e-04   3.5795301e-04   2.7404145e-04 
 -4.8751115e-04   2.5268539e-04  -8.0443152e-04 
mode:  181 freq= 1183.8500 
 -1.5861131e-05  -2.5712858e-04  -3.3274958e-04 
 -2.3479725e-04  -1.2927547e-04   4.1589640e-04 
 -2.6734719e-04   3.5531980e-04  -9.6314799e-04 
mode:  182 freq= 1205.6700 
  1.7023274e-04   7.9005743e-04  -1.5435937e-04 
  8.7185529e-04  -3.6293401e-04   7.7899528e-04 
 -1.1118111e-04   6.8015424e-04  -8.5132461e-04 
mode:  183 freq= 1209.1600 
  6.0785214e-04  -4.0368936e-04  -9.1543313e-04 
 -3.5627818e-04   5.0088749e-04   3.7576931e-04 
 -8.3290105e-04   3.4123536e-04  -1.1864577e-03 
mode:  184 freq= 1211.3000 
 -3.9418513e-05  -6.3606236e-04  -5.8102475e-04 
 -5.2731674e-04  -3.0037846e-04   6.3921562e-04 
 -5.0648088e-04   5.7398492e-04  -1.6607668e-03 
mode:  185 freq= 1212.7500 
  1.7327698e-04   1.2864372e-03  -4.2897065e-06 
  1.4236940e-03  -2.8978058e-04   1.0732063e-03 
  3.2320617e-05   8.8065835e-04  -8.7779557e-04 
mode:  186 freq= 1215.0700 
 -9.5027452e-05  -4.2429540e-04  -2.5486560e-04 
 -3.6662428e-04  -3.3181274e-04   2.1007037e-04 
 -2.5007981e-04   1.4818256e-04  -7.0902554e-04 
mode:  187 freq= 1225.0500 
 -1.8066842e-05  -6.9849012e-05  -2.9400497e-04 
 -2.7404611e-05  -5.9226845e-04   2.7888861e-04 
 -2.8407236e-04   1.9101832e-04  -6.8385693e-04 
mode:  188 freq= 1239.8500 
  9.8513709e-05   7.0714769e-04  -1.1722329e-04 
  7.8837066e-04  -7.8916204e-04   5.7428222e-04 
 -3.9490627e-05   4.8649925e-04  -5.7889243e-04 
mode:  189 freq= 1241.6200 
 -7.1096957e-04  -9.5683625e-05   2.5963933e-04 
  4.9754379e-05  -1.3758642e-03   5.2636342e-04 
  2.0093789e-04   4.1864457e-04  -9.2378291e-04 
mode:  190 freq= 1256.0000 
 -2.7739048e-04   4.2651330e-05  -2.3002223e-04 
  1.2103499e-04  -1.2452684e-03   4.8485571e-04 
 -2.0474513e-04   3.7693596e-04  -9.8284876e-04 
mode:  191 freq= 1257.8900 
  6.1333659e-04   3.5345440e-04  -9.0358572e-04 
  4.8059467e-04  -7.0931977e-04   6.0612470e-04 
 -7.6648807e-04   4.5699759e-04  -1.1821311e-03 
mode:  192 freq= 1260.9800 
 -3.0611675e-05  -1.7274371e-04  -9.2521075e-05 
 -1.4128808e-04  -2.7080398e-04   2.2215532e-04 
 -8.5680981e-05   2.1847613e-04  -2.9315902e-04 
mode:  193 freq= 1265.6500 
 -7.3860505e-04   4.4941284e-04   9.8498047e-04 
  4.3489179e-04  -9.3205530e-04   3.4316116e-04 
  9.5356975e-04   3.2471249e-04   2.7937777e-04 
mode:  194 freq= 1268.2200 
  3.9721804e-04  -3.9290461e-04  -6.0673924e-04 
 -3.9025905e-04   3.7948508e-04  -3.2892301e-04 
 -5.7684420e-04  -2.8873716e-04  -1.0604233e-04 
mode:  195 freq= 1268.6300 
 -3.0816273e-05  -2.9578798e-05  -1.0255891e-04 
  4.1052975e-05  -3.7519282e-04   2.2592142e-04 
 -8.2890809e-05   2.4640000e-04  -3.7494051e-04 
mode:  196 freq= 1281.1000 
 -7.0114747e-04   4.2104607e-04   9.2936006e-04 
  5.0333432e-04  -8.7682938e-04   6.9232761e-04 
  9.6814706e-04   7.2542843e-04  -1.2007425e-04 
mode:  197 freq= 1293.5300 
  3.6949976e-04  -2.7707014e-04  -5.9918107e-04 
 -3.1695085e-04   2.5105091e-04  -5.4786667e-04 
 -5.9396797e-04  -5.1164954e-04   3.7947930e-05 
mode:  198 freq= 1296.6400 
 -1.4024331e-04   8.6163162e-05   2.2734403e-04 
  6.1906720e-05  -1.1935293e-04   1.8211427e-04 
  2.3256644e-04   1.7093360e-04   6.2042196e-05 
mode:  199 freq= 1297.1500 
 -1.0871236e-03   7.0421722e-04   1.5964219e-03 
  6.0779046e-04  -1.0157877e-03   2.6670363e-04 
  1.5323441e-03   1.8769058e-04   9.9145718e-04 
mode:  200 freq= 1306.3400 
  6.5404614e-04  -4.9348829e-04  -8.4775862e-04 
 -4.3712530e-04   8.2486632e-04  -4.0489085e-04 
 -8.3741427e-04  -3.5326652e-04  -2.1251456e-04 
mode:  201 freq= 1321.6600 
 -3.1801048e-04   2.0170471e-04   4.4668136e-04 
  2.3392962e-04  -3.3553931e-04   2.6608078e-04 
  4.5481367e-04   2.8137454e-04   1.5774907e-04 
mode:  202 freq= 1325.8900 
 -1.1896152e-03   3.5729347e-04   1.5229472e-03 
  2.9894247e-04  -1.1976829e-03   6.0230502e-04 
  1.5746919e-03   5.0510420e-04   7.0151494e-04 
mode:  203 freq= 1329.4300 
  1.1987812e-03  -1.0355431e-03  -1.6534623e-03 
 -9.6151676e-04   1.1343106e-03  -5.7710928e-04 
 -1.6478427e-03  -5.6849767e-04  -6.2202689e-04 
mode:  204 freq= 1332.6700 
 -8.5805094e-05   3.1770353e-04   4.0642235e-04 
  2.9830582e-04   3.1807853e-04   4.6736641e-05 
  3.9802166e-04   6.3296183e-05   3.3293373e-04 
mode:  205 freq= 1347.5300 
 -3.3495274e-04   7.2558656e-04   1.0907740e-03 
  6.8517979e-04   1.6157546e-04   1.0321437e-04 
  1.0083887e-03   4.5256262e-05   1.0710101e-03 
mode:  206 freq= 1350.7000 
  1.9164885e-04  -3.8032603e-04  -3.1824307e-04 
 -3.3925404e-04   2.9899904e-04  -2.2947246e-04 
 -3.3960489e-04  -2.0466843e-04  -8.0518020e-05 
mode:  207 freq= 1355.4000 
  9.0109396e-05  -1.2044010e-04  -1.1335476e-04 
 -4.5659703e-05   1.4166408e-06   2.3924309e-04 
 -1.9518790e-05   2.8278035e-04  -3.1489976e-04 
mode:  208 freq= 1361.6400 
 -5.9206257e-05   9.8013577e-04   1.2085108e-03 
  9.8903149e-04   1.1653663e-03   1.1253237e-04 
  1.1425382e-03   1.0797545e-04   1.5158274e-03 
mode:  209 freq= 1370.9000 
 -1.1557331e-06  -3.5732965e-04  -1.4520427e-04 
 -3.3235718e-04   4.9443186e-05  -3.2567771e-04 
 -2.1002568e-04  -2.8348145e-04   1.4655812e-06 
mode:  210 freq= 1375.6600 
  3.9777177e-05   1.3174734e-04   1.3013954e-04 
  1.0182918e-04   1.8547169e-04   6.2213219e-05 
  1.2639090e-04   7.0138130e-05   6.1562900e-05 
mode:  211 freq= 1380.5800 
  1.9603841e-04   3.3355375e-04   2.4564953e-04 
  2.8426970e-04   5.4168541e-04  -1.8660083e-04 
  2.0536605e-04  -2.3257768e-04   6.5840165e-04 
mode:  212 freq= 1380.8000 
  7.6173247e-05  -4.5771636e-04  -3.1287389e-04 
 -4.1613630e-04   7.0779801e-05  -1.1552156e-04 
 -2.7892740e-04  -6.4710885e-05  -2.0354823e-04 
mode:  213 freq= 1385.3100 
  7.8302674e-05  -1.8522457e-04  -2.7300925e-04 
 -1.9573952e-04  -1.2099614e-04   5.0542606e-05 
 -2.5042281e-04   1.0629827e-04  -3.6519106e-04 
mode:  214 freq= 1388.4700 
  6.5344676e-05  -9.3054557e-06  -4.5519199e-05 
 -1.9750252e-05  -3.6861479e-06  -2.0647023e-04 
 -8.6569556e-05  -2.2286299e-04   1.8722227e-04 
mode:  215 freq= 1390.4500 
  4.3437522e-05  -1.2172887e-04   1.0197078e-05 
 -1.1176460e-04   4.6739146e-04  -2.1295992e-04 
  4.0959587e-05  -1.6200496e-04   2.0643744e-04 
mode:  216 freq= 1395.0900 
  1.3370438e-04  -1.6838462e-04  -3.2366958e-04 
 -1.4477427e-04  -2.6131501e-05   2.7661445e-05 
 -2.7833623e-04   9.7949353e-05  -3.7416065e-04 
mode:  217 freq= 1399.1000 
  3.4059556e-04  -1.6471278e-04  -3.7298892e-04 
 -1.1459589e-04   2.6090893e-04  -9.2513123e-05 
 -3.6134993e-04  -9.0193306e-05  -5.1449437e-05 
mode:  218 freq= 1400.3200 
 -1.3129828e-04  -1.0212722e-04   1.6944496e-04 
 -1.2422462e-04   1.3463615e-04  -1.6116073e-04 
  1.7880445e-04  -1.5249124e-04   2.4665290e-04 
mode:  219 freq= 1401.9000 
 -8.6269707e-05  -2.1321022e-04  -1.5379695e-04 
 -2.3573745e-04  -4.4568859e-04   6.0821792e-05 
 -1.6987682e-04   5.3022130e-05  -2.2383304e-04 
mode:  220 freq= 1404.5400 
 -7.2596231e-04  -4.3133783e-04   1.1979175e-04 
 -4.4479593e-04  -1.4958679e-03   3.0113290e-05 
  8.2927149e-05  -5.0578871e-05  -1.9787839e-04 
mode:  221 freq= 1412.8900 
  3.2083395e-04   6.8722209e-05   1.7627913e-04 
  9.8228168e-05   1.2794411e-03  -2.6744238e-04 
  1.6627080e-04  -2.3741223e-04   5.9918080e-04 
mode:  222 freq= 1413.8000 
 -3.6171311e-05  -7.9009797e-05  -1.0220893e-05 
 -7.8651357e-05  -1.1431120e-04   3.3838083e-05 
 -1.2640748e-05   4.0485909e-05  -4.7046772e-05 
mode:  223 freq= 1421.8100 
 -5.1383407e-04  -4.0326489e-04  -9.2387941e-05 
 -4.2691897e-04  -1.3969748e-03  -4.1256406e-05 
 -2.7144467e-05  -6.6799944e-05  -2.9849616e-04 
mode:  224 freq= 1429.8400 
  2.2708868e-04   9.2704832e-05   1.9356077e-04 
  1.0856195e-04   1.2156285e-03  -2.6324983e-04 
  1.9950514e-04  -2.2032146e-04   5.1376000e-04 
mode:  225 freq= 1431.4500 
  8.7232701e-05  -5.7337779e-05  -9.5882378e-05 
 -4.8100660e-05   2.5337506e-05   2.2101189e-05 
 -6.7454223e-05   4.3697693e-05  -5.4321447e-05 
mode:  226 freq= 1434.1800 
  2.9443344e-05  -1.7027342e-04  -1.5650032e-04 
 -1.6923458e-04  -3.6224600e-04  -1.7621713e-04 
 -1.3460832e-04  -2.2862641e-04   1.9127004e-04 
mode:  227 freq= 1437.8100 
  5.5021148e-05   7.2702349e-06   2.0117828e-04 
  1.5477221e-05   7.1188388e-04  -1.5952849e-04 
  1.9004367e-04  -1.4450178e-04   3.8216150e-04 
mode:  228 freq= 1440.8500 
  2.1926103e-04   9.9734638e-05  -3.9973324e-05 
  6.5353241e-05   4.6294824e-04  -3.8054045e-05 
 -4.0250848e-05  -4.5002354e-06   1.0031145e-04 
mode:  229 freq= 1442.9200 
  3.8804670e-04   4.6260027e-05  -2.3366841e-04 
  1.1325655e-04   8.0097579e-04  -2.5400448e-04 
 -2.0719573e-04  -1.7534758e-04   2.3294757e-04 
mode:  230 freq= 1450.8000 
 -5.6383084e-05  -1.1074431e-04   1.7064610e-04 
 -1.0005694e-04   3.4756393e-04  -1.4690491e-04 
  1.6167248e-04  -1.6772804e-04   3.2859055e-04 
mode:  231 freq= 1453.1900 
  1.2428284e-05  -2.6200050e-05  -1.5937479e-04 
 -4.1212294e-05  -1.3057200e-04   4.7710432e-05 
 -1.1170805e-04   5.6270015e-05  -1.8411917e-04 
mode:  232 freq= 1455.3700 
 -3.8498085e-04   3.0449632e-04   6.4189975e-04 
  2.8654405e-04   3.9368646e-05   6.7943143e-05 
  6.4767983e-04   9.8622045e-05   2.9624770e-04 
mode:  233 freq= 1457.5300 
  3.2354955e-04  -1.8097552e-04  -1.3974067e-04 
 -1.3992684e-04   8.9457191e-04  -3.7072379e-04 
 -1.2658994e-04  -3.8423024e-04   4.8219808e-04 
mode:  234 freq= 1459.1300 
  7.8616347e-05  -1.3985837e-04  -4.2569073e-04 
 -1.4494131e-04  -2.7365615e-04   3.7826525e-05 
 -3.4829405e-04   7.5351529e-05  -3.9129329e-04 
mode:  235 freq= 1459.3300 
 -1.6823236e-04   6.1437715e-04   9.2244142e-04 
  6.3059626e-04   1.1131953e-03  -1.1538787e-04 
  9.2274376e-04  -4.9724678e-05   9.4923399e-04 
mode:  236 freq= 1459.8800 
  2.1290232e-04   3.9341914e-05   4.0618149e-04 
  6.5790025e-05   1.2806167e-03  -3.7868171e-04 
  3.6111296e-04  -4.3877228e-04   9.5119358e-04 
mode:  237 freq= 1461.0300 
 -1.3441907e-05   1.9967911e-05  -1.3949427e-04 
  1.2056507e-05  -1.5084921e-04   8.7332196e-05 
 -9.0831701e-05   1.0678998e-04  -2.6173226e-04 
mode:  238 freq= 1467.0500 
 -3.7906619e-04   1.1229501e-04   4.1914901e-04 
  1.2234769e-04  -3.6649419e-04   1.7951503e-04 
  4.3171031e-04   2.1002855e-04  -8.5867443e-05 
mode:  239 freq= 1469.5500 
  3.0123283e-04  -1.3254895e-04  -1.9312258e-04 
 -1.3112555e-04   7.8437826e-04  -4.0243124e-04 
 -1.5296908e-04  -4.2906699e-04   4.7678406e-04 
mode:  240 freq= 1472.1700 
 -9.0279426e-05   2.1373162e-04   6.0343720e-05 
  2.0266720e-04  -4.2641298e-04   1.6288672e-04 
  5.8857250e-05   1.8905940e-04  -2.5468020e-04 
mode:  241 freq= 1474.5200 
 -5.8446096e-05  -1.1995244e-04   8.7062471e-06 
 -1.3297531e-04  -4.8483736e-05  -1.0197494e-04 
 -4.5741088e-06  -1.3117793e-04  -7.6473014e-06 
mode:  242 freq= 1476.2600 
 -2.3182719e-05  -3.0627580e-05   9.5778500e-05 
 -2.1088171e-06   2.9848380e-04  -2.1531248e-04 
  9.0234196e-05  -2.1846450e-04   3.7291961e-04 
mode:  243 freq= 1479.8700 
  4.6508577e-07   2.1384478e-04  -7.1362358e-05 
  2.1306810e-04  -4.8774111e-04   2.1521883e-04 
 -8.5413789e-05   2.2369413e-04  -2.8609241e-04 
mode:  244 freq= 1484.5100 
  5.4920331e-04  -3.2090776e-04  -5.3077828e-04 
 -3.3799998e-04   9.9675123e-04  -6.0041263e-04 
 -5.0185901e-04  -6.7666252e-04   6.4721814e-04 
mode:  245 freq= 1485.5500 
 -3.2994031e-04   1.2772487e-04   5.2607067e-04 
  1.6045147e-04   1.1569905e-04  -2.1542111e-05 
  4.6893860e-04  -2.5811032e-06   3.2354579e-04 
mode:  246 freq= 1487.3300 
  1.9546673e-04  -7.9399602e-05  -7.9979859e-04 
 -1.4114465e-04  -1.1948434e-03   3.2523617e-04 
 -7.2983209e-04   3.1577944e-04  -9.7014667e-04 
mode:  247 freq= 1489.6300 
  9.4226254e-04  -3.9378572e-04  -6.1731722e-04 
 -3.1863353e-04   1.8651770e-03  -1.0384705e-03 
 -6.1272817e-04  -1.1115590e-03   1.5820873e-03 
mode:  248 freq= 1491.0300 
 -6.5684461e-04   6.0015017e-04   1.2293973e-03 
  5.6386167e-04   1.3028432e-04   9.1868015e-05 
  1.0450775e-03   6.8028641e-05   5.9561901e-04 
mode:  249 freq= 1493.5300 
 -1.2043648e-04   1.5327070e-04  -1.2620496e-04 
  1.6462320e-04  -8.1685257e-04   3.5464697e-04 
 -1.2680511e-04   3.4742395e-04  -6.0340625e-04 
mode:  250 freq= 1496.0300 
  4.3965615e-04  -4.6115877e-04  -7.9744880e-04 
 -4.5863408e-04   6.1128309e-04  -3.1452476e-04 
 -7.8550406e-04  -3.5556669e-04  -2.7064661e-04 
mode:  251 freq= 1497.8200 
 -4.8619751e-04  -7.4698240e-05   3.7276455e-04 
 -5.5525484e-05  -4.3688888e-04  -1.3570899e-05 
  3.9007482e-04   2.2491911e-06   1.1394699e-04 
mode:  252 freq= 1498.9700 
 -4.7617159e-04   5.0348664e-05  -1.6180793e-06 
  1.1170121e-04  -1.5161922e-03   4.9605837e-04 
 -6.7226771e-05   4.4082222e-04  -8.8012016e-04 
mode:  253 freq= 1508.4000 
  7.5177395e-04  -7.2066780e-04  -1.2810657e-03 
 -6.2737780e-04   7.8995015e-04  -4.9142449e-04 
 -1.3267467e-03  -4.9314953e-04  -3.6137456e-04 
mode:  254 freq= 1512.8500 
 -7.7193026e-04   6.0780811e-05   6.2335860e-04 
 -1.8517128e-06  -9.0625646e-04   1.5534673e-04 
  6.3826931e-04   1.2579851e-04  -1.1214235e-05 
mode:  255 freq= 1514.7200 
 -1.3675289e-05   6.3659675e-05  -2.4713278e-04 
  6.6104443e-05  -5.8146663e-04   2.6385253e-04 
 -1.9697810e-04   2.7278431e-04  -5.7211281e-04 
mode:  256 freq= 1518.2700 
  1.5350608e-04  -2.9062149e-05   1.9168974e-05 
 -1.0428676e-04   7.9714300e-04  -2.0256238e-04 
  2.8288147e-06  -2.7827382e-04   2.8680842e-04 
mode:  257 freq= 1535.9600 
 -4.8867153e-04  -1.0737862e-04   2.3211261e-04 
 -6.0447173e-05  -7.7547077e-04   4.0130493e-05 
  1.9748581e-04   5.6712777e-05  -1.2982950e-04 
mode:  258 freq= 1557.7400 
 -2.8822312e-05   1.2388023e-04  -1.1556591e-04 
  1.5148959e-04  -5.4128938e-04   2.3028904e-04 
 -6.7454631e-05   2.3226380e-04  -4.0047360e-04 
mode:  259 freq= 1575.4500 
 -1.5174716e-04   1.4343103e-04   5.9624312e-04 
  9.6127373e-05   7.9431099e-04  -3.3436870e-04 
  4.7314664e-04  -4.5177397e-04   7.8242746e-04 
mode:  260 freq= 1622.0700 
 -8.2129664e-04  -1.2994897e-04   4.1178951e-04 
 -3.7444903e-05  -1.4945614e-03   3.4356211e-04 
  4.1371101e-04   3.2602070e-04  -4.7294389e-04 
mode:  261 freq= 1635.2600 
  5.0122532e-05   1.5360469e-04  -1.2248912e-04 
  1.5038982e-04  -2.9091095e-04   2.2698171e-04 
 -1.2136708e-04   1.9899317e-04  -3.3559400e-04 
mode:  262 freq= 1656.3400 
 -1.0289172e-04  -6.5241443e-05   6.3421230e-05 
 -5.8296540e-05   7.0205349e-05   3.0057586e-04 
  7.2546004e-05   3.2696188e-04  -5.9887260e-04 
mode:  263 freq= 1661.6000 
 -2.1469141e-04  -5.2907116e-05   1.4775372e-04 
 -6.4215931e-05  -1.6442161e-04  -2.2471337e-04 
  1.0146832e-04  -2.5233006e-04   3.6025965e-04 
mode:  264 freq= 1664.2300 
  2.9917546e-04   4.2951729e-04  -2.0265500e-05 
  4.4128862e-04   9.7711250e-05   1.7523614e-04 
 -5.6292226e-05   1.4648411e-04   1.6879877e-05 
mode:  265 freq= 1669.7100 
 -4.5131629e-04  -7.7194546e-05   3.2939605e-04 
 -6.3934586e-06  -3.6447001e-04   4.8231083e-04 
  2.9264013e-04   5.7604360e-04  -9.4115503e-04 
mode:  266 freq= 1675.0400 
 -2.7205349e-04  -3.2113642e-04  -8.8259169e-05 
 -3.6872280e-04  -3.1691354e-04  -2.6028708e-04 
 -6.5328649e-05  -2.9007186e-04   1.4604004e-04 
mode:  267 freq= 1675.4500 
 -2.2491908e-05   9.8812109e-05  -7.7238530e-05 
  1.0430885e-04  -3.3464124e-04   2.0585696e-04 
 -4.9839945e-05   1.9224038e-04  -3.0936725e-04 
mode:  268 freq= 1682.6500 
 -8.2502679e-05  -1.6601297e-04  -2.1587830e-05 
 -1.3441276e-04  -1.3849945e-04   2.5516857e-04 
  2.9823102e-05   3.0083308e-04  -5.5109775e-04 
mode:  269 freq= 1684.9500 
 -3.0455231e-05  -9.3392607e-07   7.9515551e-05 
 -9.1528932e-06   1.8497758e-04  -3.2394974e-04 
  5.6670948e-05  -3.3602991e-04   4.6269898e-04 
mode:  270 freq= 1699.0800 
  8.2590830e-05  -7.5124457e-05  -2.6856618e-04 
 -7.4729208e-05  -6.2641313e-05   3.5322993e-05 
 -2.0858643e-04   2.4632773e-05  -1.9054050e-04 
mode:  271 freq= 1743.9000 
 -6.7244986e-05   1.1483527e-05   2.3663226e-04 
  2.2296288e-06   2.5269080e-04  -2.2452279e-05 
  2.3816336e-04  -2.3637524e-05   1.5410942e-04 
mode:  272 freq= 3030.8700 
  7.4157149e-06  -5.5636987e-06   8.6981742e-05 
  6.7005635e-06   2.9651126e-04  -2.1304320e-04 
  6.9122225e-05  -2.6058506e-04   3.7985296e-04 
mode:  273 freq= 3038.0700 
 -4.5667259e-05   2.2195202e-04   7.4820041e-05 
  2.0934992e-04  -1.3565556e-04   7.9059555e-05 
  1.0191795e-04   7.9241615e-05   2.2447250e-05 
mode:  274 freq= 3049.0900 
  1.7460828e-06  -1.7504552e-04  -3.4788694e-05 
 -1.9476240e-04   2.3380205e-04  -1.4341487e-04 
 -1.1342003e-05  -1.2578492e-04   1.2280588e-04 
mode:  275 freq= 3055.7200 
 -2.0381448e-04   6.0929841e-05   2.1285821e-04 
  1.1093279e-04  -1.4780401e-04   1.7969485e-04 
  2.2981362e-04   1.7239250e-04  -1.5970695e-04 
mode:  276 freq= 3060.8600 
  1.2646620e-04   3.6413478e-04   1.6802208e-04 
  3.5276851e-04   2.7989164e-04  -2.0878324e-05 
  1.6321332e-04  -2.3908330e-05   3.4821065e-04 
mode:  277 freq= 3063.0700 
 -3.0983604e-04   4.3634827e-06   3.5014431e-04 
 -3.7179510e-05   7.4990841e-05  -1.0963516e-04 
  2.6656085e-04  -1.0171260e-04   3.7344906e-04 
mode:  278 freq= 3064.3500 
  9.4283299e-05   5.0983790e-05   4.2138439e-05 
  1.1246991e-04   2.1211708e-04   9.3446249e-05 
  1.0196358e-04   8.7062035e-05  -9.1174713e-05 
mode:  279 freq= 3069.6400 
  7.5734229e-05   1.7569460e-04  -4.5005416e-05 
  1.5871000e-04   3.6836355e-06   2.8892728e-05 
 -1.8232451e-05   2.9925165e-05   4.9026577e-05 
mode:  280 freq= 3071.4900 
  2.4151460e-04  -5.5823482e-04  -6.5024283e-04 
 -5.6542227e-04   6.0093528e-05  -1.8659760e-04 
 -5.6976258e-04  -1.9872499e-04  -2.1801855e-04 
mode:  281 freq= 3074.6000 
 -5.9519779e-04   9.2863463e-05   4.5716713e-04 
  1.6774479e-04  -7.6306780e-04   3.6342435e-04 
  4.9612584e-04   3.4266096e-04  -3.9260025e-04 
mode:  282 freq= 3075.2600 
 -6.3768511e-04   4.6592345e-04   6.6523661e-04 
  4.6816322e-04  -8.0247510e-04   3.9744549e-04 
  6.5730707e-04   4.0374301e-04  -1.4883248e-04 
mode:  283 freq= 3078.5600 
  7.1847235e-05  -1.9929236e-04  -1.7668225e-04 
 -1.6774958e-04   5.3013513e-06   4.9551026e-05 
 -5.1105528e-05   6.4486313e-05  -2.8625487e-04 
mode:  284 freq= 3083.4000 
 -1.0118207e-04   2.5734976e-05   6.4953352e-05 
  1.1040110e-04  -2.4871032e-04   2.8847636e-04 
  1.5775225e-04   2.7795250e-04  -4.3069542e-04 
mode:  285 freq= 3112.9800 
  4.5966953e-04   2.5711232e-05  -2.8629907e-04 
  1.1352812e-05   5.8909314e-04  -1.6918677e-04 
 -2.7087506e-04  -1.7840928e-04   2.2520066e-04 
mode:  286 freq= 3116.6800 
 -4.9731853e-05   7.1220740e-05   2.5456861e-04 
  3.2385981e-05   3.5602957e-04  -2.4531150e-04 
  1.9048164e-04  -2.3821258e-04   5.4018767e-04 
mode:  287 freq= 3118.8400 
 -5.2926283e-06  -1.3315734e-04  -5.6154499e-05 
 -1.5091815e-04   2.8187996e-04  -3.2640508e-04 
 -9.5263282e-05  -3.5974761e-04   4.0656086e-04 
mode:  288 freq= 3123.9200 
  5.4493079e-04   9.9237834e-05  -2.2750116e-04 
  9.3001532e-05   7.7085784e-04  -2.0634900e-04 
 -2.4599507e-04  -1.9590979e-04   3.0645886e-04 
mode:  289 freq= 3153.0500 
 -1.2624215e-04   8.0449609e-05   2.9636421e-04 
  3.4405079e-05   2.6055990e-04  -1.8723991e-04 
  2.3748321e-04  -1.8819621e-04   5.0062189e-04 
mode:  290 freq= 3155.5100 
  2.0997418e-04  -3.1565906e-04  -3.7383271e-04 
 -3.1325994e-04   4.0205119e-04  -5.3468283e-04 
 -3.7262823e-04  -5.7435936e-04   4.4126447e-04 
mode:  291 freq= 3158.5200 
  5.1180978e-04   7.7108216e-05  -2.1347619e-04 
  5.2043669e-05   7.9705266e-04  -2.3025477e-04 
 -2.2016572e-04  -2.4316159e-04   3.7835567e-04 
mode:  292 freq= 3161.3300 
  1.6739220e-04   6.7454513e-05   2.2887340e-04 
  9.1765215e-06   7.9006890e-04  -3.8654558e-04 
  1.5669283e-04  -4.2199622e-04   7.3138301e-04 
mode:  293 freq= 3162.7100 
 -1.2290850e-04  -3.2968871e-04  -3.2705075e-04 
 -3.1326515e-04  -3.2619977e-04  -1.5369079e-04 
 -2.9048782e-04  -1.8940841e-04  -8.8324023e-05 
mode:  294 freq= 3164.9500 
  4.8717816e-04   9.2408742e-05  -1.6558431e-04 
  8.4398204e-05   7.7977242e-04  -2.2230957e-04 
 -1.6405735e-04  -2.4766440e-04   4.0809180e-04 
mode:  295 freq= 3165.5200 
  5.0490675e-05  -1.4760970e-04  -2.5726861e-05 
 -2.1029245e-04   4.1206708e-04  -4.2860289e-04 
 -5.0175008e-05  -4.4645304e-04   5.5456274e-04 
mode:  296 freq= 3165.5400 
 -3.2250582e-05   2.3271203e-05   1.5893590e-04 
  2.2079915e-05   3.7164398e-04  -2.6039019e-04 
  9.2185002e-05  -2.9291083e-04   5.0796212e-04 
mode:  297 freq= 3167.0400 
  8.4358813e-05   2.4815150e-04   5.5905928e-05 
  2.3402187e-04  -1.4504469e-04   1.2051653e-04 
  3.9016108e-05   1.1581323e-04   1.6828412e-06 
mode:  298 freq= 3170.7300 
 -2.1696871e-04  -1.0732384e-04   2.1476266e-04 
 -1.0603179e-04   2.2284328e-05  -1.7605629e-04 
  2.3919566e-04  -1.5502993e-04   3.9453455e-04 
mode:  299 freq= 3176.0900 
  2.4540046e-05   3.4977347e-04   5.2049481e-04 
  3.2782543e-04   7.9836205e-04  -2.1118770e-04 
  4.2510486e-04  -2.3691922e-04   7.6805086e-04 
mode:  300 freq= 3182.1700 
  1.2176654e-03  -4.3684380e-04  -8.2049858e-04 
 -3.5343609e-04   1.9843276e-03  -3.7226446e-04 
 -7.7431640e-04  -3.7045993e-04   2.3983927e-04 
mode:  301 freq= 3186.5300 
 -1.1045074e-03   2.5359654e-04   8.7338421e-04 
  2.1217596e-04  -1.3540172e-03   7.7596703e-05 
  8.3255045e-04   6.4610958e-05   2.8529242e-04 
mode:  302 freq= 3186.7600 
 -9.7543312e-04   7.8251334e-04   1.2617383e-03 
  7.0793136e-04  -7.9846297e-04   9.1017878e-05 
  1.0938940e-03   2.4788570e-05   6.3383598e-04 
mode:  303 freq= 3189.6200 
 -9.4157925e-04   1.0259996e-03   1.1315863e-03 
  9.9968698e-04  -1.4419336e-03   5.2261866e-04 
  9.5166541e-04   4.9465473e-04   1.3535800e-04 
mode:  304 freq= 3191.6700 
 -8.9808170e-04   1.4782687e-04   8.4762639e-04 
  8.5577959e-05  -6.8405763e-04  -3.3275778e-05 
  7.9354892e-04  -1.7213879e-05   4.6660021e-04 
mode:  305 freq= 3192.8300 
  1.3069272e-03  -1.0433940e-04  -6.7597191e-04 
 -1.2820327e-05   2.0850076e-03  -4.6222344e-04 
 -6.2731385e-04  -4.9030573e-04   6.1447203e-04 
mode:  306 freq= 3198.3500 
  6.5578925e-05   3.3874571e-04  -1.8956099e-05 
  3.3299809e-04  -5.8652490e-04   1.9347931e-04 
 -1.5252453e-05   1.6565159e-04  -1.3314681e-04 
mode:  307 freq= 3214.5400 
  1.9264308e-03  -1.4124158e-03  -1.7444949e-03 
 -1.3001798e-03   3.1481065e-03  -8.8466215e-04 
 -1.4695364e-03  -8.2089957e-04   2.9412837e-04 
mode:  308 freq= 3217.0400 
 -1.8519270e-04   6.1093497e-04   5.6986695e-04 
  5.8016964e-04  -1.2961028e-04  -3.1217932e-05 
  4.8208093e-04  -1.0799279e-04   5.6500268e-04 
mode:  309 freq= 3219.0500 
  1.7817635e-04   7.3380406e-05  -6.1952202e-05 
  7.1218377e-05   3.4983047e-04  -3.8975082e-05 
 -5.6394956e-05  -3.0112380e-05   5.8553326e-05 
mode:  310 freq= 3220.1900 
  5.2595404e-04   1.5444778e-04  -2.2830576e-04 
  1.4482086e-04   1.0706139e-03  -3.2801785e-04 
 -2.3643919e-04  -3.2346454e-04   5.0345439e-04 
mode:  311 freq= 3222.7000 
 -1.8314425e-04  -2.7589110e-04   3.7819448e-06 
 -2.4845730e-04  -2.2849962e-04  -5.6262605e-06 
  3.2214687e-05   4.6878300e-06  -1.2654223e-04 
mode:  312 freq= 3223.6400 
 -9.4029513e-05  -2.1543517e-04  -5.2271616e-05 
 -1.9580443e-04  -1.9115001e-04   9.1956697e-05 
 -4.6510736e-05   1.3455754e-04  -2.3893729e-04 
mode:  313 freq= 3223.9000 
 -4.3564842e-04  -3.6623248e-04  -1.8098867e-04 
 -4.0668213e-04  -1.2511637e-03   1.9076719e-05 
 -1.1583186e-04   3.1577575e-05  -4.7124042e-04 
mode:  314 freq= 3225.4700 
  2.9579222e-04   1.0062439e-04   6.8433287e-05 
  1.0076372e-04   9.9309107e-04  -1.5817043e-04 
  7.6430730e-05  -1.4866360e-04   4.2126448e-04 
mode:  315 freq= 3228.8500 
 -8.9128651e-05  -1.5348859e-04  -1.7152643e-04 
 -1.9067198e-04  -4.0354606e-04  -2.7890924e-06 
 -1.8303170e-04   1.8529547e-05  -2.4006349e-04 
mode:  316 freq= 3232.7900 
 -8.6765239e-04  -4.6831922e-04   1.1860672e-04 
 -5.4791944e-04  -1.9006864e-03   1.2786097e-04 
  7.0835819e-05   8.1895671e-06  -3.8575123e-04 
mode:  317 freq= 3232.9500 
  4.3545102e-04   9.4151129e-05  -7.3175915e-05 
  9.9194252e-05   1.0791067e-03  -1.4576837e-04 
 -4.7856440e-05  -1.6048752e-04   3.3359386e-04 
mode:  318 freq= 3234.2900 
 -7.7832260e-05  -1.5086805e-04  -7.8742936e-05 
 -1.3678742e-04  -2.3377853e-04   3.6010122e-05 
 -7.8230775e-05   5.0430480e-05  -1.8540251e-04 
mode:  319 freq= 3236.2500 
 -4.1709264e-04  -2.8714080e-04  -2.2998712e-05 
 -2.6007911e-04  -9.3965381e-04   4.9313818e-05 
  4.0538475e-06   4.8877286e-05  -2.5435822e-04 
mode:  320 freq= 3241.6200 
  1.7773052e-04   7.2580379e-05   1.1540232e-04 
  6.8487493e-05   7.1513672e-04  -1.6861594e-04 
  1.2005915e-04  -1.5611468e-04   3.4852728e-04 
mode:  321 freq= 3241.9400 
 -8.3491477e-05   4.4119508e-05  -4.3754216e-05 
 -2.5873890e-05  -2.6468805e-04   8.0491067e-05 
 -1.0841169e-05   1.3416945e-05  -5.7463662e-05 
mode:  322 freq= 3245.9400 
 -6.4629708e-04  -4.3507879e-04  -1.1142623e-04 
 -4.0013926e-04  -1.4899612e-03   1.6978627e-04 
 -8.1064362e-05   2.3563162e-04  -6.6257838e-04 
mode:  323 freq= 3250.9700 
  2.9552816e-04   3.1877401e-04   6.3891920e-05 
  2.3379110e-04   6.7517287e-04  -1.6677143e-04 
  8.5337350e-05  -1.7639911e-04   4.1419979e-04 
