unit: cm^{-1}, only max(dg)>1.000e-04 are saved; dg/dQ_alpha * Q_alpha 
mode:   11 freq=    5.6100 
  0.0000000e+00   0.0000000e+00   0.0000000e+00 
  0.0000000e+00   0.0000000e+00   0.0000000e+00 
  0.0000000e+00   0.0000000e+00   0.0000000e+00 
mode:   12 freq=   26.3100 
  0.0000000e+00   0.0000000e+00   0.0000000e+00 
  0.0000000e+00   0.0000000e+00   0.0000000e+00 
  0.0000000e+00   0.0000000e+00   0.0000000e+00 
mode:   13 freq=   29.6300 
  0.0000000e+00   0.0000000e+00   0.0000000e+00 
  0.0000000e+00   0.0000000e+00   0.0000000e+00 
  0.0000000e+00   0.0000000e+00   0.0000000e+00 
mode:   14 freq=   37.5700 
  0.0000000e+00   0.0000000e+00   0.0000000e+00 
  0.0000000e+00   0.0000000e+00   0.0000000e+00 
  0.0000000e+00   0.0000000e+00   0.0000000e+00 
mode:   15 freq=   45.2600 
  0.0000000e+00   0.0000000e+00   0.0000000e+00 
  0.0000000e+00   0.0000000e+00   0.0000000e+00 
  0.0000000e+00   0.0000000e+00   0.0000000e+00 
mode:   16 freq=   51.2000 
  0.0000000e+00   0.0000000e+00   0.0000000e+00 
  0.0000000e+00   0.0000000e+00   0.0000000e+00 
  0.0000000e+00   0.0000000e+00   0.0000000e+00 
mode:   17 freq=   55.9100 
  0.0000000e+00   0.0000000e+00   0.0000000e+00 
  0.0000000e+00   0.0000000e+00   0.0000000e+00 
  0.0000000e+00   0.0000000e+00   0.0000000e+00 
mode:   18 freq=   73.7000 
  0.0000000e+00   0.0000000e+00   0.0000000e+00 
  0.0000000e+00   0.0000000e+00   0.0000000e+00 
  0.0000000e+00   0.0000000e+00   0.0000000e+00 
mode:   19 freq=   77.9000 
  0.0000000e+00   0.0000000e+00   0.0000000e+00 
  0.0000000e+00   0.0000000e+00   0.0000000e+00 
  0.0000000e+00   0.0000000e+00   0.0000000e+00 
mode:   20 freq=   83.8600 
  0.0000000e+00   0.0000000e+00   0.0000000e+00 
  0.0000000e+00   0.0000000e+00   0.0000000e+00 
  0.0000000e+00   0.0000000e+00   0.0000000e+00 
mode:   21 freq=   88.6300 
  0.0000000e+00   0.0000000e+00   0.0000000e+00 
  0.0000000e+00   0.0000000e+00   0.0000000e+00 
  0.0000000e+00   0.0000000e+00   0.0000000e+00 
mode:   22 freq=   90.3400 
  0.0000000e+00   0.0000000e+00   0.0000000e+00 
  0.0000000e+00   0.0000000e+00   0.0000000e+00 
  0.0000000e+00   0.0000000e+00   0.0000000e+00 
mode:   23 freq=  100.0900 
  0.0000000e+00   0.0000000e+00   0.0000000e+00 
  0.0000000e+00   0.0000000e+00   0.0000000e+00 
  0.0000000e+00   0.0000000e+00   0.0000000e+00 
mode:   24 freq=  107.0200 
  0.0000000e+00   0.0000000e+00   0.0000000e+00 
  0.0000000e+00   0.0000000e+00   0.0000000e+00 
  0.0000000e+00   0.0000000e+00   0.0000000e+00 
mode:   25 freq=  118.8000 
  0.0000000e+00   0.0000000e+00   0.0000000e+00 
  0.0000000e+00   0.0000000e+00   0.0000000e+00 
  0.0000000e+00   0.0000000e+00   0.0000000e+00 
mode:   26 freq=  129.7300 
  0.0000000e+00   0.0000000e+00   0.0000000e+00 
  0.0000000e+00   0.0000000e+00   0.0000000e+00 
  0.0000000e+00   0.0000000e+00   0.0000000e+00 
mode:   27 freq=  137.6100 
  0.0000000e+00   0.0000000e+00   0.0000000e+00 
  0.0000000e+00   0.0000000e+00   0.0000000e+00 
  0.0000000e+00   0.0000000e+00   0.0000000e+00 
mode:   28 freq=  142.2000 
  0.0000000e+00   0.0000000e+00   0.0000000e+00 
  0.0000000e+00   0.0000000e+00   0.0000000e+00 
  0.0000000e+00   0.0000000e+00   0.0000000e+00 
mode:   29 freq=  148.3500 
  0.0000000e+00   0.0000000e+00   0.0000000e+00 
  0.0000000e+00   0.0000000e+00   0.0000000e+00 
  0.0000000e+00   0.0000000e+00   0.0000000e+00 
mode:   30 freq=  149.8400 
  0.0000000e+00   0.0000000e+00   0.0000000e+00 
  0.0000000e+00   0.0000000e+00   0.0000000e+00 
  0.0000000e+00   0.0000000e+00   0.0000000e+00 
mode:   31 freq=  167.2800 
  0.0000000e+00   0.0000000e+00   0.0000000e+00 
  0.0000000e+00   0.0000000e+00   0.0000000e+00 
  0.0000000e+00   0.0000000e+00   0.0000000e+00 
mode:   32 freq=  172.3700 
  0.0000000e+00   0.0000000e+00   0.0000000e+00 
  0.0000000e+00   0.0000000e+00   0.0000000e+00 
  0.0000000e+00   0.0000000e+00   0.0000000e+00 
mode:   33 freq=  177.3300 
  0.0000000e+00   0.0000000e+00   0.0000000e+00 
  0.0000000e+00   0.0000000e+00   0.0000000e+00 
  0.0000000e+00   0.0000000e+00   0.0000000e+00 
mode:   34 freq=  180.5000 
  0.0000000e+00   0.0000000e+00   0.0000000e+00 
  0.0000000e+00   0.0000000e+00   0.0000000e+00 
  0.0000000e+00   0.0000000e+00   0.0000000e+00 
mode:   35 freq=  189.3800 
  0.0000000e+00   0.0000000e+00   0.0000000e+00 
  0.0000000e+00   0.0000000e+00   0.0000000e+00 
  0.0000000e+00   0.0000000e+00   0.0000000e+00 
mode:   36 freq=  193.7500 
  0.0000000e+00   0.0000000e+00   0.0000000e+00 
  0.0000000e+00   0.0000000e+00   0.0000000e+00 
  0.0000000e+00   0.0000000e+00   0.0000000e+00 
mode:   37 freq=  196.8400 
  0.0000000e+00   0.0000000e+00   0.0000000e+00 
  0.0000000e+00   0.0000000e+00   0.0000000e+00 
  0.0000000e+00   0.0000000e+00   0.0000000e+00 
mode:   38 freq=  198.8600 
  0.0000000e+00   0.0000000e+00   0.0000000e+00 
  0.0000000e+00   0.0000000e+00   0.0000000e+00 
  0.0000000e+00   0.0000000e+00   0.0000000e+00 
mode:   39 freq=  205.8000 
  0.0000000e+00   0.0000000e+00   0.0000000e+00 
  0.0000000e+00   0.0000000e+00   0.0000000e+00 
  0.0000000e+00   0.0000000e+00   0.0000000e+00 
mode:   40 freq=  206.4800 
  0.0000000e+00   0.0000000e+00   0.0000000e+00 
  0.0000000e+00   0.0000000e+00   0.0000000e+00 
  0.0000000e+00   0.0000000e+00   0.0000000e+00 
mode:   41 freq=  221.6900 
  0.0000000e+00   0.0000000e+00   0.0000000e+00 
  0.0000000e+00   0.0000000e+00   0.0000000e+00 
  0.0000000e+00   0.0000000e+00   0.0000000e+00 
mode:   42 freq=  227.2400 
  0.0000000e+00   0.0000000e+00   0.0000000e+00 
  0.0000000e+00   0.0000000e+00   0.0000000e+00 
  0.0000000e+00   0.0000000e+00   0.0000000e+00 
mode:   43 freq=  236.7200 
  0.0000000e+00   0.0000000e+00   0.0000000e+00 
  0.0000000e+00   0.0000000e+00   0.0000000e+00 
  0.0000000e+00   0.0000000e+00   0.0000000e+00 
mode:   44 freq=  238.3000 
  0.0000000e+00   0.0000000e+00   0.0000000e+00 
  0.0000000e+00   0.0000000e+00   0.0000000e+00 
  0.0000000e+00   0.0000000e+00   0.0000000e+00 
mode:   45 freq=  241.0500 
  0.0000000e+00   0.0000000e+00   0.0000000e+00 
  0.0000000e+00   0.0000000e+00   0.0000000e+00 
  0.0000000e+00   0.0000000e+00   0.0000000e+00 
mode:   46 freq=  253.2800 
  0.0000000e+00   0.0000000e+00   0.0000000e+00 
  0.0000000e+00   0.0000000e+00   0.0000000e+00 
  0.0000000e+00   0.0000000e+00   0.0000000e+00 
mode:   47 freq=  254.6600 
  0.0000000e+00   0.0000000e+00   0.0000000e+00 
  0.0000000e+00   0.0000000e+00   0.0000000e+00 
  0.0000000e+00   0.0000000e+00   0.0000000e+00 
mode:   48 freq=  269.3700 
  0.0000000e+00   0.0000000e+00   0.0000000e+00 
  0.0000000e+00   0.0000000e+00   0.0000000e+00 
  0.0000000e+00   0.0000000e+00   0.0000000e+00 
mode:   49 freq=  276.9000 
  0.0000000e+00   0.0000000e+00   0.0000000e+00 
  0.0000000e+00   0.0000000e+00   0.0000000e+00 
  0.0000000e+00   0.0000000e+00   0.0000000e+00 
mode:   50 freq=  279.5200 
  0.0000000e+00   0.0000000e+00   0.0000000e+00 
  0.0000000e+00   0.0000000e+00   0.0000000e+00 
  0.0000000e+00   0.0000000e+00   0.0000000e+00 
mode:   51 freq=  281.9100 
  0.0000000e+00   0.0000000e+00   0.0000000e+00 
  0.0000000e+00   0.0000000e+00   0.0000000e+00 
  0.0000000e+00   0.0000000e+00   0.0000000e+00 
mode:   52 freq=  283.0000 
  0.0000000e+00   0.0000000e+00   0.0000000e+00 
  0.0000000e+00   0.0000000e+00   0.0000000e+00 
  0.0000000e+00   0.0000000e+00   0.0000000e+00 
mode:   53 freq=  294.7100 
  0.0000000e+00   0.0000000e+00   0.0000000e+00 
  0.0000000e+00   0.0000000e+00   0.0000000e+00 
  0.0000000e+00   0.0000000e+00   0.0000000e+00 
mode:   54 freq=  297.3600 
  0.0000000e+00   0.0000000e+00   0.0000000e+00 
  0.0000000e+00   0.0000000e+00   0.0000000e+00 
  0.0000000e+00   0.0000000e+00   0.0000000e+00 
mode:   55 freq=  304.4600 
  0.0000000e+00   0.0000000e+00   0.0000000e+00 
  0.0000000e+00   0.0000000e+00   0.0000000e+00 
  0.0000000e+00   0.0000000e+00   0.0000000e+00 
mode:   56 freq=  311.0400 
  0.0000000e+00   0.0000000e+00   0.0000000e+00 
  0.0000000e+00   0.0000000e+00   0.0000000e+00 
  0.0000000e+00   0.0000000e+00   0.0000000e+00 
mode:   57 freq=  314.4400 
  0.0000000e+00   0.0000000e+00   0.0000000e+00 
  0.0000000e+00   0.0000000e+00   0.0000000e+00 
  0.0000000e+00   0.0000000e+00   0.0000000e+00 
mode:   58 freq=  318.4600 
  0.0000000e+00   0.0000000e+00   0.0000000e+00 
  0.0000000e+00   0.0000000e+00   0.0000000e+00 
  0.0000000e+00   0.0000000e+00   0.0000000e+00 
mode:   59 freq=  322.5800 
  0.0000000e+00   0.0000000e+00   0.0000000e+00 
  0.0000000e+00   0.0000000e+00   0.0000000e+00 
  0.0000000e+00   0.0000000e+00   0.0000000e+00 
mode:   60 freq=  326.3000 
  0.0000000e+00   0.0000000e+00   0.0000000e+00 
  0.0000000e+00   0.0000000e+00   0.0000000e+00 
  0.0000000e+00   0.0000000e+00   0.0000000e+00 
mode:   61 freq=  333.4100 
  0.0000000e+00   0.0000000e+00   0.0000000e+00 
  0.0000000e+00   0.0000000e+00   0.0000000e+00 
  0.0000000e+00   0.0000000e+00   0.0000000e+00 
mode:   62 freq=  336.4900 
  0.0000000e+00   0.0000000e+00   0.0000000e+00 
  0.0000000e+00   0.0000000e+00   0.0000000e+00 
  0.0000000e+00   0.0000000e+00   0.0000000e+00 
mode:   63 freq=  339.1900 
  0.0000000e+00   0.0000000e+00   0.0000000e+00 
  0.0000000e+00   0.0000000e+00   0.0000000e+00 
  0.0000000e+00   0.0000000e+00   0.0000000e+00 
mode:   64 freq=  367.8000 
  0.0000000e+00   0.0000000e+00   0.0000000e+00 
  0.0000000e+00   0.0000000e+00   0.0000000e+00 
  0.0000000e+00   0.0000000e+00   0.0000000e+00 
mode:   65 freq=  373.6400 
  0.0000000e+00   0.0000000e+00   0.0000000e+00 
  0.0000000e+00   0.0000000e+00   0.0000000e+00 
  0.0000000e+00   0.0000000e+00   0.0000000e+00 
mode:   66 freq=  376.6600 
  0.0000000e+00   0.0000000e+00   0.0000000e+00 
  0.0000000e+00   0.0000000e+00   0.0000000e+00 
  0.0000000e+00   0.0000000e+00   0.0000000e+00 
mode:   67 freq=  378.2700 
  0.0000000e+00   0.0000000e+00   0.0000000e+00 
  0.0000000e+00   0.0000000e+00   0.0000000e+00 
  0.0000000e+00   0.0000000e+00   0.0000000e+00 
mode:   68 freq=  386.3500 
  0.0000000e+00   0.0000000e+00   0.0000000e+00 
  0.0000000e+00   0.0000000e+00   0.0000000e+00 
  0.0000000e+00   0.0000000e+00   0.0000000e+00 
mode:   69 freq=  405.9800 
  0.0000000e+00   0.0000000e+00   0.0000000e+00 
  0.0000000e+00   0.0000000e+00   0.0000000e+00 
  0.0000000e+00   0.0000000e+00   0.0000000e+00 
mode:   70 freq=  413.7200 
  0.0000000e+00   0.0000000e+00   0.0000000e+00 
  0.0000000e+00   0.0000000e+00   0.0000000e+00 
  0.0000000e+00   0.0000000e+00   0.0000000e+00 
mode:   71 freq=  414.6900 
  0.0000000e+00   0.0000000e+00   0.0000000e+00 
  0.0000000e+00   0.0000000e+00   0.0000000e+00 
  0.0000000e+00   0.0000000e+00   0.0000000e+00 
mode:   72 freq=  426.0200 
  0.0000000e+00   0.0000000e+00   0.0000000e+00 
  0.0000000e+00   0.0000000e+00   0.0000000e+00 
  0.0000000e+00   0.0000000e+00   0.0000000e+00 
mode:   73 freq=  427.6000 
  0.0000000e+00   0.0000000e+00   0.0000000e+00 
  0.0000000e+00   0.0000000e+00   0.0000000e+00 
  0.0000000e+00   0.0000000e+00   0.0000000e+00 
mode:   74 freq=  443.5300 
  0.0000000e+00   0.0000000e+00   0.0000000e+00 
  0.0000000e+00   0.0000000e+00   0.0000000e+00 
  0.0000000e+00   0.0000000e+00   0.0000000e+00 
mode:   75 freq=  448.4200 
  0.0000000e+00   0.0000000e+00   0.0000000e+00 
  0.0000000e+00   0.0000000e+00   0.0000000e+00 
  0.0000000e+00   0.0000000e+00   0.0000000e+00 
mode:   76 freq=  455.5400 
  0.0000000e+00   0.0000000e+00   0.0000000e+00 
  0.0000000e+00   0.0000000e+00   0.0000000e+00 
  0.0000000e+00   0.0000000e+00   0.0000000e+00 
mode:   77 freq=  457.9000 
  0.0000000e+00   0.0000000e+00   0.0000000e+00 
  0.0000000e+00   0.0000000e+00   0.0000000e+00 
  0.0000000e+00   0.0000000e+00   0.0000000e+00 
mode:   78 freq=  469.1200 
  0.0000000e+00   0.0000000e+00   0.0000000e+00 
  0.0000000e+00   0.0000000e+00   0.0000000e+00 
  0.0000000e+00   0.0000000e+00   0.0000000e+00 
mode:   79 freq=  475.2300 
  0.0000000e+00   0.0000000e+00   0.0000000e+00 
  0.0000000e+00   0.0000000e+00   0.0000000e+00 
  0.0000000e+00   0.0000000e+00   0.0000000e+00 
mode:   80 freq=  479.8100 
  0.0000000e+00   0.0000000e+00   0.0000000e+00 
  0.0000000e+00   0.0000000e+00   0.0000000e+00 
  0.0000000e+00   0.0000000e+00   0.0000000e+00 
mode:   81 freq=  487.6200 
  0.0000000e+00   0.0000000e+00   0.0000000e+00 
  0.0000000e+00   0.0000000e+00   0.0000000e+00 
  0.0000000e+00   0.0000000e+00   0.0000000e+00 
mode:   82 freq=  493.9200 
  0.0000000e+00   0.0000000e+00   0.0000000e+00 
  0.0000000e+00   0.0000000e+00   0.0000000e+00 
  0.0000000e+00   0.0000000e+00   0.0000000e+00 
mode:   83 freq=  495.8700 
  0.0000000e+00   0.0000000e+00   0.0000000e+00 
  0.0000000e+00   0.0000000e+00   0.0000000e+00 
  0.0000000e+00   0.0000000e+00   0.0000000e+00 
mode:   84 freq=  506.9700 
  0.0000000e+00   0.0000000e+00   0.0000000e+00 
  0.0000000e+00   0.0000000e+00   0.0000000e+00 
  0.0000000e+00   0.0000000e+00   0.0000000e+00 
mode:   85 freq=  511.8800 
  0.0000000e+00   0.0000000e+00   0.0000000e+00 
  0.0000000e+00   0.0000000e+00   0.0000000e+00 
  0.0000000e+00   0.0000000e+00   0.0000000e+00 
mode:   86 freq=  528.9800 
  0.0000000e+00   0.0000000e+00   0.0000000e+00 
  0.0000000e+00   0.0000000e+00   0.0000000e+00 
  0.0000000e+00   0.0000000e+00   0.0000000e+00 
mode:   87 freq=  532.4100 
  0.0000000e+00   0.0000000e+00   0.0000000e+00 
  0.0000000e+00   0.0000000e+00   0.0000000e+00 
  0.0000000e+00   0.0000000e+00   0.0000000e+00 
mode:   88 freq=  542.6100 
  0.0000000e+00   0.0000000e+00   0.0000000e+00 
  0.0000000e+00   0.0000000e+00   0.0000000e+00 
  0.0000000e+00   0.0000000e+00   0.0000000e+00 
mode:   89 freq=  557.8300 
  0.0000000e+00   0.0000000e+00   0.0000000e+00 
  0.0000000e+00   0.0000000e+00   0.0000000e+00 
  0.0000000e+00   0.0000000e+00   0.0000000e+00 
mode:   90 freq=  565.0700 
  0.0000000e+00   0.0000000e+00   0.0000000e+00 
  0.0000000e+00   0.0000000e+00   0.0000000e+00 
  0.0000000e+00   0.0000000e+00   0.0000000e+00 
mode:   91 freq=  571.5500 
  0.0000000e+00   0.0000000e+00   0.0000000e+00 
  0.0000000e+00   0.0000000e+00   0.0000000e+00 
  0.0000000e+00   0.0000000e+00   0.0000000e+00 
mode:   92 freq=  577.6200 
  0.0000000e+00   0.0000000e+00   0.0000000e+00 
  0.0000000e+00   0.0000000e+00   0.0000000e+00 
  0.0000000e+00   0.0000000e+00   0.0000000e+00 
mode:   93 freq=  581.2100 
  0.0000000e+00   0.0000000e+00   0.0000000e+00 
  0.0000000e+00   0.0000000e+00   0.0000000e+00 
  0.0000000e+00   0.0000000e+00   0.0000000e+00 
mode:   94 freq=  593.7900 
  0.0000000e+00   0.0000000e+00   0.0000000e+00 
  0.0000000e+00   0.0000000e+00   0.0000000e+00 
  0.0000000e+00   0.0000000e+00   0.0000000e+00 
mode:   95 freq=  604.4800 
  0.0000000e+00   0.0000000e+00   0.0000000e+00 
  0.0000000e+00   0.0000000e+00   0.0000000e+00 
  0.0000000e+00   0.0000000e+00   0.0000000e+00 
mode:   96 freq=  612.3800 
  0.0000000e+00   0.0000000e+00   0.0000000e+00 
  0.0000000e+00   0.0000000e+00   0.0000000e+00 
  0.0000000e+00   0.0000000e+00   0.0000000e+00 
mode:   97 freq=  630.2400 
  0.0000000e+00   0.0000000e+00   0.0000000e+00 
  0.0000000e+00   0.0000000e+00   0.0000000e+00 
  0.0000000e+00   0.0000000e+00   0.0000000e+00 
mode:   98 freq=  641.0900 
  0.0000000e+00   0.0000000e+00   0.0000000e+00 
  0.0000000e+00   0.0000000e+00   0.0000000e+00 
  0.0000000e+00   0.0000000e+00   0.0000000e+00 
mode:   99 freq=  651.8400 
  0.0000000e+00   0.0000000e+00   0.0000000e+00 
  0.0000000e+00   0.0000000e+00   0.0000000e+00 
  0.0000000e+00   0.0000000e+00   0.0000000e+00 
mode:  100 freq=  654.6900 
  0.0000000e+00   0.0000000e+00   0.0000000e+00 
  0.0000000e+00   0.0000000e+00   0.0000000e+00 
  0.0000000e+00   0.0000000e+00   0.0000000e+00 
mode:  101 freq=  658.1500 
  0.0000000e+00   0.0000000e+00   0.0000000e+00 
  0.0000000e+00   0.0000000e+00   0.0000000e+00 
  0.0000000e+00   0.0000000e+00   0.0000000e+00 
mode:  102 freq=  672.6200 
  0.0000000e+00   0.0000000e+00   0.0000000e+00 
  0.0000000e+00   0.0000000e+00   0.0000000e+00 
  0.0000000e+00   0.0000000e+00   0.0000000e+00 
mode:  103 freq=  709.3500 
  0.0000000e+00   0.0000000e+00   0.0000000e+00 
  0.0000000e+00   0.0000000e+00   0.0000000e+00 
  0.0000000e+00   0.0000000e+00   0.0000000e+00 
mode:  104 freq=  724.7200 
  0.0000000e+00   0.0000000e+00   0.0000000e+00 
  0.0000000e+00   0.0000000e+00   0.0000000e+00 
  0.0000000e+00   0.0000000e+00   0.0000000e+00 
mode:  105 freq=  725.9500 
  0.0000000e+00   0.0000000e+00   0.0000000e+00 
  0.0000000e+00   0.0000000e+00   0.0000000e+00 
  0.0000000e+00   0.0000000e+00   0.0000000e+00 
mode:  106 freq=  728.9000 
  0.0000000e+00   0.0000000e+00   0.0000000e+00 
  0.0000000e+00   0.0000000e+00   0.0000000e+00 
  0.0000000e+00   0.0000000e+00   0.0000000e+00 
mode:  107 freq=  744.2700 
  0.0000000e+00   0.0000000e+00   0.0000000e+00 
  0.0000000e+00   0.0000000e+00   0.0000000e+00 
  0.0000000e+00   0.0000000e+00   0.0000000e+00 
mode:  108 freq=  754.8500 
  0.0000000e+00   0.0000000e+00   0.0000000e+00 
  0.0000000e+00   0.0000000e+00   0.0000000e+00 
  0.0000000e+00   0.0000000e+00   0.0000000e+00 
mode:  109 freq=  757.7800 
  0.0000000e+00   0.0000000e+00   0.0000000e+00 
  0.0000000e+00   0.0000000e+00   0.0000000e+00 
  0.0000000e+00   0.0000000e+00   0.0000000e+00 
mode:  110 freq=  765.3000 
  0.0000000e+00   0.0000000e+00   0.0000000e+00 
  0.0000000e+00   0.0000000e+00   0.0000000e+00 
  0.0000000e+00   0.0000000e+00   0.0000000e+00 
mode:  111 freq=  768.4500 
  0.0000000e+00   0.0000000e+00   0.0000000e+00 
  0.0000000e+00   0.0000000e+00   0.0000000e+00 
  0.0000000e+00   0.0000000e+00   0.0000000e+00 
mode:  112 freq=  773.1200 
  0.0000000e+00   0.0000000e+00   0.0000000e+00 
  0.0000000e+00   0.0000000e+00   0.0000000e+00 
  0.0000000e+00   0.0000000e+00   0.0000000e+00 
mode:  113 freq=  785.6000 
  0.0000000e+00   0.0000000e+00   0.0000000e+00 
  0.0000000e+00   0.0000000e+00   0.0000000e+00 
  0.0000000e+00   0.0000000e+00   0.0000000e+00 
mode:  114 freq=  790.1000 
  0.0000000e+00   0.0000000e+00   0.0000000e+00 
  0.0000000e+00   0.0000000e+00   0.0000000e+00 
  0.0000000e+00   0.0000000e+00   0.0000000e+00 
mode:  115 freq=  790.4400 
  0.0000000e+00   0.0000000e+00   0.0000000e+00 
  0.0000000e+00   0.0000000e+00   0.0000000e+00 
  0.0000000e+00   0.0000000e+00   0.0000000e+00 
mode:  116 freq=  795.3300 
  0.0000000e+00   0.0000000e+00   0.0000000e+00 
  0.0000000e+00   0.0000000e+00   0.0000000e+00 
  0.0000000e+00   0.0000000e+00   0.0000000e+00 
mode:  117 freq=  812.7400 
  0.0000000e+00   0.0000000e+00   0.0000000e+00 
  0.0000000e+00   0.0000000e+00   0.0000000e+00 
  0.0000000e+00   0.0000000e+00   0.0000000e+00 
mode:  118 freq=  816.3600 
  0.0000000e+00   0.0000000e+00   0.0000000e+00 
  0.0000000e+00   0.0000000e+00   0.0000000e+00 
  0.0000000e+00   0.0000000e+00   0.0000000e+00 
mode:  119 freq=  818.1400 
  0.0000000e+00   0.0000000e+00   0.0000000e+00 
  0.0000000e+00   0.0000000e+00   0.0000000e+00 
  0.0000000e+00   0.0000000e+00   0.0000000e+00 
mode:  120 freq=  823.9200 
  0.0000000e+00   0.0000000e+00   0.0000000e+00 
  0.0000000e+00   0.0000000e+00   0.0000000e+00 
  0.0000000e+00   0.0000000e+00   0.0000000e+00 
mode:  121 freq=  843.5900 
  0.0000000e+00   0.0000000e+00   0.0000000e+00 
  0.0000000e+00   0.0000000e+00   0.0000000e+00 
  0.0000000e+00   0.0000000e+00   0.0000000e+00 
mode:  122 freq=  845.7300 
  0.0000000e+00   0.0000000e+00   0.0000000e+00 
  0.0000000e+00   0.0000000e+00   0.0000000e+00 
  0.0000000e+00   0.0000000e+00   0.0000000e+00 
mode:  123 freq=  855.9100 
  0.0000000e+00   0.0000000e+00   0.0000000e+00 
  0.0000000e+00   0.0000000e+00   0.0000000e+00 
  0.0000000e+00   0.0000000e+00   0.0000000e+00 
mode:  124 freq=  870.2100 
  0.0000000e+00   0.0000000e+00   0.0000000e+00 
  0.0000000e+00   0.0000000e+00   0.0000000e+00 
  0.0000000e+00   0.0000000e+00   0.0000000e+00 
mode:  125 freq=  875.2000 
  0.0000000e+00   0.0000000e+00   0.0000000e+00 
  0.0000000e+00   0.0000000e+00   0.0000000e+00 
  0.0000000e+00   0.0000000e+00   0.0000000e+00 
mode:  126 freq=  877.2700 
  0.0000000e+00   0.0000000e+00   0.0000000e+00 
  0.0000000e+00   0.0000000e+00   0.0000000e+00 
  0.0000000e+00   0.0000000e+00   0.0000000e+00 
mode:  127 freq=  890.4000 
  0.0000000e+00   0.0000000e+00   0.0000000e+00 
  0.0000000e+00   0.0000000e+00   0.0000000e+00 
  0.0000000e+00   0.0000000e+00   0.0000000e+00 
mode:  128 freq=  914.7500 
  0.0000000e+00   0.0000000e+00   0.0000000e+00 
  0.0000000e+00   0.0000000e+00   0.0000000e+00 
  0.0000000e+00   0.0000000e+00   0.0000000e+00 
mode:  129 freq=  921.7400 
  0.0000000e+00   0.0000000e+00   0.0000000e+00 
  0.0000000e+00   0.0000000e+00   0.0000000e+00 
  0.0000000e+00   0.0000000e+00   0.0000000e+00 
mode:  130 freq=  928.4700 
  0.0000000e+00   0.0000000e+00   0.0000000e+00 
  0.0000000e+00   0.0000000e+00   0.0000000e+00 
  0.0000000e+00   0.0000000e+00   0.0000000e+00 
mode:  131 freq=  933.4500 
  0.0000000e+00   0.0000000e+00   0.0000000e+00 
  0.0000000e+00   0.0000000e+00   0.0000000e+00 
  0.0000000e+00   0.0000000e+00   0.0000000e+00 
mode:  132 freq=  935.4600 
  0.0000000e+00   0.0000000e+00   0.0000000e+00 
  0.0000000e+00   0.0000000e+00   0.0000000e+00 
  0.0000000e+00   0.0000000e+00   0.0000000e+00 
mode:  133 freq=  938.8600 
  0.0000000e+00   0.0000000e+00   0.0000000e+00 
  0.0000000e+00   0.0000000e+00   0.0000000e+00 
  0.0000000e+00   0.0000000e+00   0.0000000e+00 
mode:  134 freq=  948.8200 
  0.0000000e+00   0.0000000e+00   0.0000000e+00 
  0.0000000e+00   0.0000000e+00   0.0000000e+00 
  0.0000000e+00   0.0000000e+00   0.0000000e+00 
mode:  135 freq=  953.8500 
  0.0000000e+00   0.0000000e+00   0.0000000e+00 
  0.0000000e+00   0.0000000e+00   0.0000000e+00 
  0.0000000e+00   0.0000000e+00   0.0000000e+00 
mode:  136 freq=  955.7900 
  0.0000000e+00   0.0000000e+00   0.0000000e+00 
  0.0000000e+00   0.0000000e+00   0.0000000e+00 
  0.0000000e+00   0.0000000e+00   0.0000000e+00 
mode:  137 freq=  956.3400 
  0.0000000e+00   0.0000000e+00   0.0000000e+00 
  0.0000000e+00   0.0000000e+00   0.0000000e+00 
  0.0000000e+00   0.0000000e+00   0.0000000e+00 
mode:  138 freq=  956.9700 
  0.0000000e+00   0.0000000e+00   0.0000000e+00 
  0.0000000e+00   0.0000000e+00   0.0000000e+00 
  0.0000000e+00   0.0000000e+00   0.0000000e+00 
mode:  139 freq=  957.6900 
  0.0000000e+00   0.0000000e+00   0.0000000e+00 
  0.0000000e+00   0.0000000e+00   0.0000000e+00 
  0.0000000e+00   0.0000000e+00   0.0000000e+00 
mode:  140 freq=  959.3600 
  0.0000000e+00   0.0000000e+00   0.0000000e+00 
  0.0000000e+00   0.0000000e+00   0.0000000e+00 
  0.0000000e+00   0.0000000e+00   0.0000000e+00 
mode:  141 freq=  966.1300 
  0.0000000e+00   0.0000000e+00   0.0000000e+00 
  0.0000000e+00   0.0000000e+00   0.0000000e+00 
  0.0000000e+00   0.0000000e+00   0.0000000e+00 
mode:  142 freq=  970.8700 
  0.0000000e+00   0.0000000e+00   0.0000000e+00 
  0.0000000e+00   0.0000000e+00   0.0000000e+00 
  0.0000000e+00   0.0000000e+00   0.0000000e+00 
mode:  143 freq=  975.8500 
  0.0000000e+00   0.0000000e+00   0.0000000e+00 
  0.0000000e+00   0.0000000e+00   0.0000000e+00 
  0.0000000e+00   0.0000000e+00   0.0000000e+00 
mode:  144 freq=  982.4600 
  0.0000000e+00   0.0000000e+00   0.0000000e+00 
  0.0000000e+00   0.0000000e+00   0.0000000e+00 
  0.0000000e+00   0.0000000e+00   0.0000000e+00 
mode:  145 freq=  989.9600 
  0.0000000e+00   0.0000000e+00   0.0000000e+00 
  0.0000000e+00   0.0000000e+00   0.0000000e+00 
  0.0000000e+00   0.0000000e+00   0.0000000e+00 
mode:  146 freq=  990.6500 
  0.0000000e+00   0.0000000e+00   0.0000000e+00 
  0.0000000e+00   0.0000000e+00   0.0000000e+00 
  0.0000000e+00   0.0000000e+00   0.0000000e+00 
mode:  147 freq= 1008.5400 
  0.0000000e+00   0.0000000e+00   0.0000000e+00 
  0.0000000e+00   0.0000000e+00   0.0000000e+00 
  0.0000000e+00   0.0000000e+00   0.0000000e+00 
mode:  148 freq= 1015.0400 
  0.0000000e+00   0.0000000e+00   0.0000000e+00 
  0.0000000e+00   0.0000000e+00   0.0000000e+00 
  0.0000000e+00   0.0000000e+00   0.0000000e+00 
mode:  149 freq= 1020.1300 
  0.0000000e+00   0.0000000e+00   0.0000000e+00 
  0.0000000e+00   0.0000000e+00   0.0000000e+00 
  0.0000000e+00   0.0000000e+00   0.0000000e+00 
mode:  150 freq= 1021.5200 
  0.0000000e+00   0.0000000e+00   0.0000000e+00 
  0.0000000e+00   0.0000000e+00   0.0000000e+00 
  0.0000000e+00   0.0000000e+00   0.0000000e+00 
mode:  151 freq= 1025.5000 
  0.0000000e+00   0.0000000e+00   0.0000000e+00 
  0.0000000e+00   0.0000000e+00   0.0000000e+00 
  0.0000000e+00   0.0000000e+00   0.0000000e+00 
mode:  152 freq= 1027.1200 
  0.0000000e+00   0.0000000e+00   0.0000000e+00 
  0.0000000e+00   0.0000000e+00   0.0000000e+00 
  0.0000000e+00   0.0000000e+00   0.0000000e+00 
mode:  153 freq= 1031.2800 
  0.0000000e+00   0.0000000e+00   0.0000000e+00 
  0.0000000e+00   0.0000000e+00   0.0000000e+00 
  0.0000000e+00   0.0000000e+00   0.0000000e+00 
mode:  154 freq= 1040.8400 
  0.0000000e+00   0.0000000e+00   0.0000000e+00 
  0.0000000e+00   0.0000000e+00   0.0000000e+00 
  0.0000000e+00   0.0000000e+00   0.0000000e+00 
mode:  155 freq= 1042.6700 
  0.0000000e+00   0.0000000e+00   0.0000000e+00 
  0.0000000e+00   0.0000000e+00   0.0000000e+00 
  0.0000000e+00   0.0000000e+00   0.0000000e+00 
mode:  156 freq= 1043.5400 
  0.0000000e+00   0.0000000e+00   0.0000000e+00 
  0.0000000e+00   0.0000000e+00   0.0000000e+00 
  0.0000000e+00   0.0000000e+00   0.0000000e+00 
mode:  157 freq= 1046.4000 
  0.0000000e+00   0.0000000e+00   0.0000000e+00 
  0.0000000e+00   0.0000000e+00   0.0000000e+00 
  0.0000000e+00   0.0000000e+00   0.0000000e+00 
mode:  158 freq= 1047.2500 
  0.0000000e+00   0.0000000e+00   0.0000000e+00 
  0.0000000e+00   0.0000000e+00   0.0000000e+00 
  0.0000000e+00   0.0000000e+00   0.0000000e+00 
mode:  159 freq= 1050.8500 
  0.0000000e+00   0.0000000e+00   0.0000000e+00 
  0.0000000e+00   0.0000000e+00   0.0000000e+00 
  0.0000000e+00   0.0000000e+00   0.0000000e+00 
mode:  160 freq= 1055.9800 
  0.0000000e+00   0.0000000e+00   0.0000000e+00 
  0.0000000e+00   0.0000000e+00   0.0000000e+00 
  0.0000000e+00   0.0000000e+00   0.0000000e+00 
mode:  161 freq= 1058.6100 
  0.0000000e+00   0.0000000e+00   0.0000000e+00 
  0.0000000e+00   0.0000000e+00   0.0000000e+00 
  0.0000000e+00   0.0000000e+00   0.0000000e+00 
mode:  162 freq= 1060.7100 
  0.0000000e+00   0.0000000e+00   0.0000000e+00 
  0.0000000e+00   0.0000000e+00   0.0000000e+00 
  0.0000000e+00   0.0000000e+00   0.0000000e+00 
mode:  163 freq= 1074.3000 
  0.0000000e+00   0.0000000e+00   0.0000000e+00 
  0.0000000e+00   0.0000000e+00   0.0000000e+00 
  0.0000000e+00   0.0000000e+00   0.0000000e+00 
mode:  164 freq= 1082.2700 
  0.0000000e+00   0.0000000e+00   0.0000000e+00 
  0.0000000e+00   0.0000000e+00   0.0000000e+00 
  0.0000000e+00   0.0000000e+00   0.0000000e+00 
mode:  165 freq= 1083.7900 
  0.0000000e+00   0.0000000e+00   0.0000000e+00 
  0.0000000e+00   0.0000000e+00   0.0000000e+00 
  0.0000000e+00   0.0000000e+00   0.0000000e+00 
mode:  166 freq= 1092.3300 
  0.0000000e+00   0.0000000e+00   0.0000000e+00 
  0.0000000e+00   0.0000000e+00   0.0000000e+00 
  0.0000000e+00   0.0000000e+00   0.0000000e+00 
mode:  167 freq= 1094.8300 
  0.0000000e+00   0.0000000e+00   0.0000000e+00 
  0.0000000e+00   0.0000000e+00   0.0000000e+00 
  0.0000000e+00   0.0000000e+00   0.0000000e+00 
mode:  168 freq= 1110.1800 
  0.0000000e+00   0.0000000e+00   0.0000000e+00 
  0.0000000e+00   0.0000000e+00   0.0000000e+00 
  0.0000000e+00   0.0000000e+00   0.0000000e+00 
mode:  169 freq= 1114.1000 
  0.0000000e+00   0.0000000e+00   0.0000000e+00 
  0.0000000e+00   0.0000000e+00   0.0000000e+00 
  0.0000000e+00   0.0000000e+00   0.0000000e+00 
mode:  170 freq= 1115.0900 
  0.0000000e+00   0.0000000e+00   0.0000000e+00 
  0.0000000e+00   0.0000000e+00   0.0000000e+00 
  0.0000000e+00   0.0000000e+00   0.0000000e+00 
mode:  171 freq= 1122.5700 
  0.0000000e+00   0.0000000e+00   0.0000000e+00 
  0.0000000e+00   0.0000000e+00   0.0000000e+00 
  0.0000000e+00   0.0000000e+00   0.0000000e+00 
mode:  172 freq= 1132.3200 
  0.0000000e+00   0.0000000e+00   0.0000000e+00 
  0.0000000e+00   0.0000000e+00   0.0000000e+00 
  0.0000000e+00   0.0000000e+00   0.0000000e+00 
mode:  173 freq= 1134.4500 
  0.0000000e+00   0.0000000e+00   0.0000000e+00 
  0.0000000e+00   0.0000000e+00   0.0000000e+00 
  0.0000000e+00   0.0000000e+00   0.0000000e+00 
mode:  174 freq= 1142.4900 
  0.0000000e+00   0.0000000e+00   0.0000000e+00 
  0.0000000e+00   0.0000000e+00   0.0000000e+00 
  0.0000000e+00   0.0000000e+00   0.0000000e+00 
mode:  175 freq= 1149.5900 
  0.0000000e+00   0.0000000e+00   0.0000000e+00 
  0.0000000e+00   0.0000000e+00   0.0000000e+00 
  0.0000000e+00   0.0000000e+00   0.0000000e+00 
mode:  176 freq= 1153.6700 
  0.0000000e+00   0.0000000e+00   0.0000000e+00 
  0.0000000e+00   0.0000000e+00   0.0000000e+00 
  0.0000000e+00   0.0000000e+00   0.0000000e+00 
mode:  177 freq= 1169.6600 
  0.0000000e+00   0.0000000e+00   0.0000000e+00 
  0.0000000e+00   0.0000000e+00   0.0000000e+00 
  0.0000000e+00   0.0000000e+00   0.0000000e+00 
mode:  178 freq= 1175.3700 
  0.0000000e+00   0.0000000e+00   0.0000000e+00 
  0.0000000e+00   0.0000000e+00   0.0000000e+00 
  0.0000000e+00   0.0000000e+00   0.0000000e+00 
mode:  179 freq= 1180.4600 
  0.0000000e+00   0.0000000e+00   0.0000000e+00 
  0.0000000e+00   0.0000000e+00   0.0000000e+00 
  0.0000000e+00   0.0000000e+00   0.0000000e+00 
mode:  180 freq= 1183.0200 
  0.0000000e+00   0.0000000e+00   0.0000000e+00 
  0.0000000e+00   0.0000000e+00   0.0000000e+00 
  0.0000000e+00   0.0000000e+00   0.0000000e+00 
mode:  181 freq= 1183.8500 
  0.0000000e+00   0.0000000e+00   0.0000000e+00 
  0.0000000e+00   0.0000000e+00   0.0000000e+00 
  0.0000000e+00   0.0000000e+00   0.0000000e+00 
mode:  182 freq= 1205.6700 
  0.0000000e+00   0.0000000e+00   0.0000000e+00 
  0.0000000e+00   0.0000000e+00   0.0000000e+00 
  0.0000000e+00   0.0000000e+00   0.0000000e+00 
mode:  183 freq= 1209.1600 
  0.0000000e+00   0.0000000e+00   0.0000000e+00 
  0.0000000e+00   0.0000000e+00   0.0000000e+00 
  0.0000000e+00   0.0000000e+00   0.0000000e+00 
mode:  184 freq= 1211.3000 
  0.0000000e+00   0.0000000e+00   0.0000000e+00 
  0.0000000e+00   0.0000000e+00   0.0000000e+00 
  0.0000000e+00   0.0000000e+00   0.0000000e+00 
mode:  185 freq= 1212.7500 
  0.0000000e+00   0.0000000e+00   0.0000000e+00 
  0.0000000e+00   0.0000000e+00   0.0000000e+00 
  0.0000000e+00   0.0000000e+00   0.0000000e+00 
mode:  186 freq= 1215.0700 
  0.0000000e+00   0.0000000e+00   0.0000000e+00 
  0.0000000e+00   0.0000000e+00   0.0000000e+00 
  0.0000000e+00   0.0000000e+00   0.0000000e+00 
mode:  187 freq= 1225.0500 
  0.0000000e+00   0.0000000e+00   0.0000000e+00 
  0.0000000e+00   0.0000000e+00   0.0000000e+00 
  0.0000000e+00   0.0000000e+00   0.0000000e+00 
mode:  188 freq= 1239.8500 
  0.0000000e+00   0.0000000e+00   0.0000000e+00 
  0.0000000e+00   0.0000000e+00   0.0000000e+00 
  0.0000000e+00   0.0000000e+00   0.0000000e+00 
mode:  189 freq= 1241.6200 
  0.0000000e+00   0.0000000e+00   0.0000000e+00 
  0.0000000e+00   0.0000000e+00   0.0000000e+00 
  0.0000000e+00   0.0000000e+00   0.0000000e+00 
mode:  190 freq= 1256.0000 
  0.0000000e+00   0.0000000e+00   0.0000000e+00 
  0.0000000e+00   0.0000000e+00   0.0000000e+00 
  0.0000000e+00   0.0000000e+00   0.0000000e+00 
mode:  191 freq= 1257.8900 
  0.0000000e+00   0.0000000e+00   0.0000000e+00 
  0.0000000e+00   0.0000000e+00   0.0000000e+00 
  0.0000000e+00   0.0000000e+00   0.0000000e+00 
mode:  192 freq= 1260.9800 
  0.0000000e+00   0.0000000e+00   0.0000000e+00 
  0.0000000e+00   0.0000000e+00   0.0000000e+00 
  0.0000000e+00   0.0000000e+00   0.0000000e+00 
mode:  193 freq= 1265.6500 
  0.0000000e+00   0.0000000e+00   0.0000000e+00 
  0.0000000e+00   0.0000000e+00   0.0000000e+00 
  0.0000000e+00   0.0000000e+00   0.0000000e+00 
mode:  194 freq= 1268.2200 
  0.0000000e+00   0.0000000e+00   0.0000000e+00 
  0.0000000e+00   0.0000000e+00   0.0000000e+00 
  0.0000000e+00   0.0000000e+00   0.0000000e+00 
mode:  195 freq= 1268.6300 
  0.0000000e+00   0.0000000e+00   0.0000000e+00 
  0.0000000e+00   0.0000000e+00   0.0000000e+00 
  0.0000000e+00   0.0000000e+00   0.0000000e+00 
mode:  196 freq= 1281.1000 
  0.0000000e+00   0.0000000e+00   0.0000000e+00 
  0.0000000e+00   0.0000000e+00   0.0000000e+00 
  0.0000000e+00   0.0000000e+00   0.0000000e+00 
mode:  197 freq= 1293.5300 
  0.0000000e+00   0.0000000e+00   0.0000000e+00 
  0.0000000e+00   0.0000000e+00   0.0000000e+00 
  0.0000000e+00   0.0000000e+00   0.0000000e+00 
mode:  198 freq= 1296.6400 
  0.0000000e+00   0.0000000e+00   0.0000000e+00 
  0.0000000e+00   0.0000000e+00   0.0000000e+00 
  0.0000000e+00   0.0000000e+00   0.0000000e+00 
mode:  199 freq= 1297.1500 
  0.0000000e+00   0.0000000e+00   0.0000000e+00 
  0.0000000e+00   0.0000000e+00   0.0000000e+00 
  0.0000000e+00   0.0000000e+00   0.0000000e+00 
mode:  200 freq= 1306.3400 
  0.0000000e+00   0.0000000e+00   0.0000000e+00 
  0.0000000e+00   0.0000000e+00   0.0000000e+00 
  0.0000000e+00   0.0000000e+00   0.0000000e+00 
mode:  201 freq= 1321.6600 
  0.0000000e+00   0.0000000e+00   0.0000000e+00 
  0.0000000e+00   0.0000000e+00   0.0000000e+00 
  0.0000000e+00   0.0000000e+00   0.0000000e+00 
mode:  202 freq= 1325.8900 
  0.0000000e+00   0.0000000e+00   0.0000000e+00 
  0.0000000e+00   0.0000000e+00   0.0000000e+00 
  0.0000000e+00   0.0000000e+00   0.0000000e+00 
mode:  203 freq= 1329.4300 
  0.0000000e+00   0.0000000e+00   0.0000000e+00 
  0.0000000e+00   0.0000000e+00   0.0000000e+00 
  0.0000000e+00   0.0000000e+00   0.0000000e+00 
mode:  204 freq= 1332.6700 
  0.0000000e+00   0.0000000e+00   0.0000000e+00 
  0.0000000e+00   0.0000000e+00   0.0000000e+00 
  0.0000000e+00   0.0000000e+00   0.0000000e+00 
mode:  205 freq= 1347.5300 
  0.0000000e+00   0.0000000e+00   0.0000000e+00 
  0.0000000e+00   0.0000000e+00   0.0000000e+00 
  0.0000000e+00   0.0000000e+00   0.0000000e+00 
mode:  206 freq= 1350.7000 
  0.0000000e+00   0.0000000e+00   0.0000000e+00 
  0.0000000e+00   0.0000000e+00   0.0000000e+00 
  0.0000000e+00   0.0000000e+00   0.0000000e+00 
mode:  207 freq= 1355.4000 
  0.0000000e+00   0.0000000e+00   0.0000000e+00 
  0.0000000e+00   0.0000000e+00   0.0000000e+00 
  0.0000000e+00   0.0000000e+00   0.0000000e+00 
mode:  208 freq= 1361.6400 
  0.0000000e+00   0.0000000e+00   0.0000000e+00 
  0.0000000e+00   0.0000000e+00   0.0000000e+00 
  0.0000000e+00   0.0000000e+00   0.0000000e+00 
mode:  209 freq= 1370.9000 
  0.0000000e+00   0.0000000e+00   0.0000000e+00 
  0.0000000e+00   0.0000000e+00   0.0000000e+00 
  0.0000000e+00   0.0000000e+00   0.0000000e+00 
mode:  210 freq= 1375.6600 
  0.0000000e+00   0.0000000e+00   0.0000000e+00 
  0.0000000e+00   0.0000000e+00   0.0000000e+00 
  0.0000000e+00   0.0000000e+00   0.0000000e+00 
mode:  211 freq= 1380.5800 
  0.0000000e+00   0.0000000e+00   0.0000000e+00 
  0.0000000e+00   0.0000000e+00   0.0000000e+00 
  0.0000000e+00   0.0000000e+00   0.0000000e+00 
mode:  212 freq= 1380.8000 
  0.0000000e+00   0.0000000e+00   0.0000000e+00 
  0.0000000e+00   0.0000000e+00   0.0000000e+00 
  0.0000000e+00   0.0000000e+00   0.0000000e+00 
mode:  213 freq= 1385.3100 
  0.0000000e+00   0.0000000e+00   0.0000000e+00 
  0.0000000e+00   0.0000000e+00   0.0000000e+00 
  0.0000000e+00   0.0000000e+00   0.0000000e+00 
mode:  214 freq= 1388.4700 
  0.0000000e+00   0.0000000e+00   0.0000000e+00 
  0.0000000e+00   0.0000000e+00   0.0000000e+00 
  0.0000000e+00   0.0000000e+00   0.0000000e+00 
mode:  215 freq= 1390.4500 
  0.0000000e+00   0.0000000e+00   0.0000000e+00 
  0.0000000e+00   0.0000000e+00   0.0000000e+00 
  0.0000000e+00   0.0000000e+00   0.0000000e+00 
mode:  216 freq= 1395.0900 
  0.0000000e+00   0.0000000e+00   0.0000000e+00 
  0.0000000e+00   0.0000000e+00   0.0000000e+00 
  0.0000000e+00   0.0000000e+00   0.0000000e+00 
mode:  217 freq= 1399.1000 
  0.0000000e+00   0.0000000e+00   0.0000000e+00 
  0.0000000e+00   0.0000000e+00   0.0000000e+00 
  0.0000000e+00   0.0000000e+00   0.0000000e+00 
mode:  218 freq= 1400.3200 
  0.0000000e+00   0.0000000e+00   0.0000000e+00 
  0.0000000e+00   0.0000000e+00   0.0000000e+00 
  0.0000000e+00   0.0000000e+00   0.0000000e+00 
mode:  219 freq= 1401.9000 
  0.0000000e+00   0.0000000e+00   0.0000000e+00 
  0.0000000e+00   0.0000000e+00   0.0000000e+00 
  0.0000000e+00   0.0000000e+00   0.0000000e+00 
mode:  220 freq= 1404.5400 
  0.0000000e+00   0.0000000e+00   0.0000000e+00 
  0.0000000e+00   0.0000000e+00   0.0000000e+00 
  0.0000000e+00   0.0000000e+00   0.0000000e+00 
mode:  221 freq= 1412.8900 
  0.0000000e+00   0.0000000e+00   0.0000000e+00 
  0.0000000e+00   0.0000000e+00   0.0000000e+00 
  0.0000000e+00   0.0000000e+00   0.0000000e+00 
mode:  222 freq= 1413.8000 
  0.0000000e+00   0.0000000e+00   0.0000000e+00 
  0.0000000e+00   0.0000000e+00   0.0000000e+00 
  0.0000000e+00   0.0000000e+00   0.0000000e+00 
mode:  223 freq= 1421.8100 
  0.0000000e+00   0.0000000e+00   0.0000000e+00 
  0.0000000e+00   0.0000000e+00   0.0000000e+00 
  0.0000000e+00   0.0000000e+00   0.0000000e+00 
mode:  224 freq= 1429.8400 
  0.0000000e+00   0.0000000e+00   0.0000000e+00 
  0.0000000e+00   0.0000000e+00   0.0000000e+00 
  0.0000000e+00   0.0000000e+00   0.0000000e+00 
mode:  225 freq= 1431.4500 
  0.0000000e+00   0.0000000e+00   0.0000000e+00 
  0.0000000e+00   0.0000000e+00   0.0000000e+00 
  0.0000000e+00   0.0000000e+00   0.0000000e+00 
mode:  226 freq= 1434.1800 
  0.0000000e+00   0.0000000e+00   0.0000000e+00 
  0.0000000e+00   0.0000000e+00   0.0000000e+00 
  0.0000000e+00   0.0000000e+00   0.0000000e+00 
mode:  227 freq= 1437.8100 
  0.0000000e+00   0.0000000e+00   0.0000000e+00 
  0.0000000e+00   0.0000000e+00   0.0000000e+00 
  0.0000000e+00   0.0000000e+00   0.0000000e+00 
mode:  228 freq= 1440.8500 
  0.0000000e+00   0.0000000e+00   0.0000000e+00 
  0.0000000e+00   0.0000000e+00   0.0000000e+00 
  0.0000000e+00   0.0000000e+00   0.0000000e+00 
mode:  229 freq= 1442.9200 
  0.0000000e+00   0.0000000e+00   0.0000000e+00 
  0.0000000e+00   0.0000000e+00   0.0000000e+00 
  0.0000000e+00   0.0000000e+00   0.0000000e+00 
mode:  230 freq= 1450.8000 
  0.0000000e+00   0.0000000e+00   0.0000000e+00 
  0.0000000e+00   0.0000000e+00   0.0000000e+00 
  0.0000000e+00   0.0000000e+00   0.0000000e+00 
mode:  231 freq= 1453.1900 
  0.0000000e+00   0.0000000e+00   0.0000000e+00 
  0.0000000e+00   0.0000000e+00   0.0000000e+00 
  0.0000000e+00   0.0000000e+00   0.0000000e+00 
mode:  232 freq= 1455.3700 
  0.0000000e+00   0.0000000e+00   0.0000000e+00 
  0.0000000e+00   0.0000000e+00   0.0000000e+00 
  0.0000000e+00   0.0000000e+00   0.0000000e+00 
mode:  233 freq= 1457.5300 
  0.0000000e+00   0.0000000e+00   0.0000000e+00 
  0.0000000e+00   0.0000000e+00   0.0000000e+00 
  0.0000000e+00   0.0000000e+00   0.0000000e+00 
mode:  234 freq= 1459.1300 
  0.0000000e+00   0.0000000e+00   0.0000000e+00 
  0.0000000e+00   0.0000000e+00   0.0000000e+00 
  0.0000000e+00   0.0000000e+00   0.0000000e+00 
mode:  235 freq= 1459.3300 
  0.0000000e+00   0.0000000e+00   0.0000000e+00 
  0.0000000e+00   0.0000000e+00   0.0000000e+00 
  0.0000000e+00   0.0000000e+00   0.0000000e+00 
mode:  236 freq= 1459.8800 
  0.0000000e+00   0.0000000e+00   0.0000000e+00 
  0.0000000e+00   0.0000000e+00   0.0000000e+00 
  0.0000000e+00   0.0000000e+00   0.0000000e+00 
mode:  237 freq= 1461.0300 
  0.0000000e+00   0.0000000e+00   0.0000000e+00 
  0.0000000e+00   0.0000000e+00   0.0000000e+00 
  0.0000000e+00   0.0000000e+00   0.0000000e+00 
mode:  238 freq= 1467.0500 
  0.0000000e+00   0.0000000e+00   0.0000000e+00 
  0.0000000e+00   0.0000000e+00   0.0000000e+00 
  0.0000000e+00   0.0000000e+00   0.0000000e+00 
mode:  239 freq= 1469.5500 
  0.0000000e+00   0.0000000e+00   0.0000000e+00 
  0.0000000e+00   0.0000000e+00   0.0000000e+00 
  0.0000000e+00   0.0000000e+00   0.0000000e+00 
mode:  240 freq= 1472.1700 
  0.0000000e+00   0.0000000e+00   0.0000000e+00 
  0.0000000e+00   0.0000000e+00   0.0000000e+00 
  0.0000000e+00   0.0000000e+00   0.0000000e+00 
mode:  241 freq= 1474.5200 
  0.0000000e+00   0.0000000e+00   0.0000000e+00 
  0.0000000e+00   0.0000000e+00   0.0000000e+00 
  0.0000000e+00   0.0000000e+00   0.0000000e+00 
mode:  242 freq= 1476.2600 
  0.0000000e+00   0.0000000e+00   0.0000000e+00 
  0.0000000e+00   0.0000000e+00   0.0000000e+00 
  0.0000000e+00   0.0000000e+00   0.0000000e+00 
mode:  243 freq= 1479.8700 
  0.0000000e+00   0.0000000e+00   0.0000000e+00 
  0.0000000e+00   0.0000000e+00   0.0000000e+00 
  0.0000000e+00   0.0000000e+00   0.0000000e+00 
mode:  244 freq= 1484.5100 
  0.0000000e+00   0.0000000e+00   0.0000000e+00 
  0.0000000e+00   0.0000000e+00   0.0000000e+00 
  0.0000000e+00   0.0000000e+00   0.0000000e+00 
mode:  245 freq= 1485.5500 
  0.0000000e+00   0.0000000e+00   0.0000000e+00 
  0.0000000e+00   0.0000000e+00   0.0000000e+00 
  0.0000000e+00   0.0000000e+00   0.0000000e+00 
mode:  246 freq= 1487.3300 
  0.0000000e+00   0.0000000e+00   0.0000000e+00 
  0.0000000e+00   0.0000000e+00   0.0000000e+00 
  0.0000000e+00   0.0000000e+00   0.0000000e+00 
mode:  247 freq= 1489.6300 
  0.0000000e+00   0.0000000e+00   0.0000000e+00 
  0.0000000e+00   0.0000000e+00   0.0000000e+00 
  0.0000000e+00   0.0000000e+00   0.0000000e+00 
mode:  248 freq= 1491.0300 
  0.0000000e+00   0.0000000e+00   0.0000000e+00 
  0.0000000e+00   0.0000000e+00   0.0000000e+00 
  0.0000000e+00   0.0000000e+00   0.0000000e+00 
mode:  249 freq= 1493.5300 
  0.0000000e+00   0.0000000e+00   0.0000000e+00 
  0.0000000e+00   0.0000000e+00   0.0000000e+00 
  0.0000000e+00   0.0000000e+00   0.0000000e+00 
mode:  250 freq= 1496.0300 
  0.0000000e+00   0.0000000e+00   0.0000000e+00 
  0.0000000e+00   0.0000000e+00   0.0000000e+00 
  0.0000000e+00   0.0000000e+00   0.0000000e+00 
mode:  251 freq= 1497.8200 
  0.0000000e+00   0.0000000e+00   0.0000000e+00 
  0.0000000e+00   0.0000000e+00   0.0000000e+00 
  0.0000000e+00   0.0000000e+00   0.0000000e+00 
mode:  252 freq= 1498.9700 
  0.0000000e+00   0.0000000e+00   0.0000000e+00 
  0.0000000e+00   0.0000000e+00   0.0000000e+00 
  0.0000000e+00   0.0000000e+00   0.0000000e+00 
mode:  253 freq= 1508.4000 
  0.0000000e+00   0.0000000e+00   0.0000000e+00 
  0.0000000e+00   0.0000000e+00   0.0000000e+00 
  0.0000000e+00   0.0000000e+00   0.0000000e+00 
mode:  254 freq= 1512.8500 
  0.0000000e+00   0.0000000e+00   0.0000000e+00 
  0.0000000e+00   0.0000000e+00   0.0000000e+00 
  0.0000000e+00   0.0000000e+00   0.0000000e+00 
mode:  255 freq= 1514.7200 
  0.0000000e+00   0.0000000e+00   0.0000000e+00 
  0.0000000e+00   0.0000000e+00   0.0000000e+00 
  0.0000000e+00   0.0000000e+00   0.0000000e+00 
mode:  256 freq= 1518.2700 
  0.0000000e+00   0.0000000e+00   0.0000000e+00 
  0.0000000e+00   0.0000000e+00   0.0000000e+00 
  0.0000000e+00   0.0000000e+00   0.0000000e+00 
mode:  257 freq= 1535.9600 
  0.0000000e+00   0.0000000e+00   0.0000000e+00 
  0.0000000e+00   0.0000000e+00   0.0000000e+00 
  0.0000000e+00   0.0000000e+00   0.0000000e+00 
mode:  258 freq= 1557.7400 
  0.0000000e+00   0.0000000e+00   0.0000000e+00 
  0.0000000e+00   0.0000000e+00   0.0000000e+00 
  0.0000000e+00   0.0000000e+00   0.0000000e+00 
mode:  259 freq= 1575.4500 
  0.0000000e+00   0.0000000e+00   0.0000000e+00 
  0.0000000e+00   0.0000000e+00   0.0000000e+00 
  0.0000000e+00   0.0000000e+00   0.0000000e+00 
mode:  260 freq= 1622.0700 
  0.0000000e+00   0.0000000e+00   0.0000000e+00 
  0.0000000e+00   0.0000000e+00   0.0000000e+00 
  0.0000000e+00   0.0000000e+00   0.0000000e+00 
mode:  261 freq= 1635.2600 
  0.0000000e+00   0.0000000e+00   0.0000000e+00 
  0.0000000e+00   0.0000000e+00   0.0000000e+00 
  0.0000000e+00   0.0000000e+00   0.0000000e+00 
mode:  262 freq= 1656.3400 
  0.0000000e+00   0.0000000e+00   0.0000000e+00 
  0.0000000e+00   0.0000000e+00   0.0000000e+00 
  0.0000000e+00   0.0000000e+00   0.0000000e+00 
mode:  263 freq= 1661.6000 
  0.0000000e+00   0.0000000e+00   0.0000000e+00 
  0.0000000e+00   0.0000000e+00   0.0000000e+00 
  0.0000000e+00   0.0000000e+00   0.0000000e+00 
mode:  264 freq= 1664.2300 
  0.0000000e+00   0.0000000e+00   0.0000000e+00 
  0.0000000e+00   0.0000000e+00   0.0000000e+00 
  0.0000000e+00   0.0000000e+00   0.0000000e+00 
mode:  265 freq= 1669.7100 
  0.0000000e+00   0.0000000e+00   0.0000000e+00 
  0.0000000e+00   0.0000000e+00   0.0000000e+00 
  0.0000000e+00   0.0000000e+00   0.0000000e+00 
mode:  266 freq= 1675.0400 
  0.0000000e+00   0.0000000e+00   0.0000000e+00 
  0.0000000e+00   0.0000000e+00   0.0000000e+00 
  0.0000000e+00   0.0000000e+00   0.0000000e+00 
mode:  267 freq= 1675.4500 
  0.0000000e+00   0.0000000e+00   0.0000000e+00 
  0.0000000e+00   0.0000000e+00   0.0000000e+00 
  0.0000000e+00   0.0000000e+00   0.0000000e+00 
mode:  268 freq= 1682.6500 
  0.0000000e+00   0.0000000e+00   0.0000000e+00 
  0.0000000e+00   0.0000000e+00   0.0000000e+00 
  0.0000000e+00   0.0000000e+00   0.0000000e+00 
mode:  269 freq= 1684.9500 
  0.0000000e+00   0.0000000e+00   0.0000000e+00 
  0.0000000e+00   0.0000000e+00   0.0000000e+00 
  0.0000000e+00   0.0000000e+00   0.0000000e+00 
mode:  270 freq= 1699.0800 
  0.0000000e+00   0.0000000e+00   0.0000000e+00 
  0.0000000e+00   0.0000000e+00   0.0000000e+00 
  0.0000000e+00   0.0000000e+00   0.0000000e+00 
mode:  271 freq= 1743.9000 
  0.0000000e+00   0.0000000e+00   0.0000000e+00 
  0.0000000e+00   0.0000000e+00   0.0000000e+00 
  0.0000000e+00   0.0000000e+00   0.0000000e+00 
mode:  272 freq= 3030.8700 
  0.0000000e+00   0.0000000e+00   0.0000000e+00 
  0.0000000e+00   0.0000000e+00   0.0000000e+00 
  0.0000000e+00   0.0000000e+00   0.0000000e+00 
mode:  273 freq= 3038.0700 
  0.0000000e+00   0.0000000e+00   0.0000000e+00 
  0.0000000e+00   0.0000000e+00   0.0000000e+00 
  0.0000000e+00   0.0000000e+00   0.0000000e+00 
mode:  274 freq= 3049.0900 
  0.0000000e+00   0.0000000e+00   0.0000000e+00 
  0.0000000e+00   0.0000000e+00   0.0000000e+00 
  0.0000000e+00   0.0000000e+00   0.0000000e+00 
mode:  275 freq= 3055.7200 
  0.0000000e+00   0.0000000e+00   0.0000000e+00 
  0.0000000e+00   0.0000000e+00   0.0000000e+00 
  0.0000000e+00   0.0000000e+00   0.0000000e+00 
mode:  276 freq= 3060.8600 
  0.0000000e+00   0.0000000e+00   0.0000000e+00 
  0.0000000e+00   0.0000000e+00   0.0000000e+00 
  0.0000000e+00   0.0000000e+00   0.0000000e+00 
mode:  277 freq= 3063.0700 
  0.0000000e+00   0.0000000e+00   0.0000000e+00 
  0.0000000e+00   0.0000000e+00   0.0000000e+00 
  0.0000000e+00   0.0000000e+00   0.0000000e+00 
mode:  278 freq= 3064.3500 
  0.0000000e+00   0.0000000e+00   0.0000000e+00 
  0.0000000e+00   0.0000000e+00   0.0000000e+00 
  0.0000000e+00   0.0000000e+00   0.0000000e+00 
mode:  279 freq= 3069.6400 
  0.0000000e+00   0.0000000e+00   0.0000000e+00 
  0.0000000e+00   0.0000000e+00   0.0000000e+00 
  0.0000000e+00   0.0000000e+00   0.0000000e+00 
mode:  280 freq= 3071.4900 
  0.0000000e+00   0.0000000e+00   0.0000000e+00 
  0.0000000e+00   0.0000000e+00   0.0000000e+00 
  0.0000000e+00   0.0000000e+00   0.0000000e+00 
mode:  281 freq= 3074.6000 
  0.0000000e+00   0.0000000e+00   0.0000000e+00 
  0.0000000e+00   0.0000000e+00   0.0000000e+00 
  0.0000000e+00   0.0000000e+00   0.0000000e+00 
mode:  282 freq= 3075.2600 
  0.0000000e+00   0.0000000e+00   0.0000000e+00 
  0.0000000e+00   0.0000000e+00   0.0000000e+00 
  0.0000000e+00   0.0000000e+00   0.0000000e+00 
mode:  283 freq= 3078.5600 
  0.0000000e+00   0.0000000e+00   0.0000000e+00 
  0.0000000e+00   0.0000000e+00   0.0000000e+00 
  0.0000000e+00   0.0000000e+00   0.0000000e+00 
mode:  284 freq= 3083.4000 
  0.0000000e+00   0.0000000e+00   0.0000000e+00 
  0.0000000e+00   0.0000000e+00   0.0000000e+00 
  0.0000000e+00   0.0000000e+00   0.0000000e+00 
mode:  285 freq= 3112.9800 
  0.0000000e+00   0.0000000e+00   0.0000000e+00 
  0.0000000e+00   0.0000000e+00   0.0000000e+00 
  0.0000000e+00   0.0000000e+00   0.0000000e+00 
mode:  286 freq= 3116.6800 
  0.0000000e+00   0.0000000e+00   0.0000000e+00 
  0.0000000e+00   0.0000000e+00   0.0000000e+00 
  0.0000000e+00   0.0000000e+00   0.0000000e+00 
mode:  287 freq= 3118.8400 
  0.0000000e+00   0.0000000e+00   0.0000000e+00 
  0.0000000e+00   0.0000000e+00   0.0000000e+00 
  0.0000000e+00   0.0000000e+00   0.0000000e+00 
mode:  288 freq= 3123.9200 
  0.0000000e+00   0.0000000e+00   0.0000000e+00 
  0.0000000e+00   0.0000000e+00   0.0000000e+00 
  0.0000000e+00   0.0000000e+00   0.0000000e+00 
mode:  289 freq= 3153.0500 
  0.0000000e+00   0.0000000e+00   0.0000000e+00 
  0.0000000e+00   0.0000000e+00   0.0000000e+00 
  0.0000000e+00   0.0000000e+00   0.0000000e+00 
mode:  290 freq= 3155.5100 
  0.0000000e+00   0.0000000e+00   0.0000000e+00 
  0.0000000e+00   0.0000000e+00   0.0000000e+00 
  0.0000000e+00   0.0000000e+00   0.0000000e+00 
mode:  291 freq= 3158.5200 
  0.0000000e+00   0.0000000e+00   0.0000000e+00 
  0.0000000e+00   0.0000000e+00   0.0000000e+00 
  0.0000000e+00   0.0000000e+00   0.0000000e+00 
mode:  292 freq= 3161.3300 
  0.0000000e+00   0.0000000e+00   0.0000000e+00 
  0.0000000e+00   0.0000000e+00   0.0000000e+00 
  0.0000000e+00   0.0000000e+00   0.0000000e+00 
mode:  293 freq= 3162.7100 
  0.0000000e+00   0.0000000e+00   0.0000000e+00 
  0.0000000e+00   0.0000000e+00   0.0000000e+00 
  0.0000000e+00   0.0000000e+00   0.0000000e+00 
mode:  294 freq= 3164.9500 
  0.0000000e+00   0.0000000e+00   0.0000000e+00 
  0.0000000e+00   0.0000000e+00   0.0000000e+00 
  0.0000000e+00   0.0000000e+00   0.0000000e+00 
mode:  295 freq= 3165.5200 
  0.0000000e+00   0.0000000e+00   0.0000000e+00 
  0.0000000e+00   0.0000000e+00   0.0000000e+00 
  0.0000000e+00   0.0000000e+00   0.0000000e+00 
mode:  296 freq= 3165.5400 
  0.0000000e+00   0.0000000e+00   0.0000000e+00 
  0.0000000e+00   0.0000000e+00   0.0000000e+00 
  0.0000000e+00   0.0000000e+00   0.0000000e+00 
mode:  297 freq= 3167.0400 
  0.0000000e+00   0.0000000e+00   0.0000000e+00 
  0.0000000e+00   0.0000000e+00   0.0000000e+00 
  0.0000000e+00   0.0000000e+00   0.0000000e+00 
mode:  298 freq= 3170.7300 
  0.0000000e+00   0.0000000e+00   0.0000000e+00 
  0.0000000e+00   0.0000000e+00   0.0000000e+00 
  0.0000000e+00   0.0000000e+00   0.0000000e+00 
mode:  299 freq= 3176.0900 
  0.0000000e+00   0.0000000e+00   0.0000000e+00 
  0.0000000e+00   0.0000000e+00   0.0000000e+00 
  0.0000000e+00   0.0000000e+00   0.0000000e+00 
mode:  300 freq= 3182.1700 
  0.0000000e+00   0.0000000e+00   0.0000000e+00 
  0.0000000e+00   0.0000000e+00   0.0000000e+00 
  0.0000000e+00   0.0000000e+00   0.0000000e+00 
mode:  301 freq= 3186.5300 
  0.0000000e+00   0.0000000e+00   0.0000000e+00 
  0.0000000e+00   0.0000000e+00   0.0000000e+00 
  0.0000000e+00   0.0000000e+00   0.0000000e+00 
mode:  302 freq= 3186.7600 
  0.0000000e+00   0.0000000e+00   0.0000000e+00 
  0.0000000e+00   0.0000000e+00   0.0000000e+00 
  0.0000000e+00   0.0000000e+00   0.0000000e+00 
mode:  303 freq= 3189.6200 
  0.0000000e+00   0.0000000e+00   0.0000000e+00 
  0.0000000e+00   0.0000000e+00   0.0000000e+00 
  0.0000000e+00   0.0000000e+00   0.0000000e+00 
mode:  304 freq= 3191.6700 
  0.0000000e+00   0.0000000e+00   0.0000000e+00 
  0.0000000e+00   0.0000000e+00   0.0000000e+00 
  0.0000000e+00   0.0000000e+00   0.0000000e+00 
mode:  305 freq= 3192.8300 
  0.0000000e+00   0.0000000e+00   0.0000000e+00 
  0.0000000e+00   0.0000000e+00   0.0000000e+00 
  0.0000000e+00   0.0000000e+00   0.0000000e+00 
mode:  306 freq= 3198.3500 
  0.0000000e+00   0.0000000e+00   0.0000000e+00 
  0.0000000e+00   0.0000000e+00   0.0000000e+00 
  0.0000000e+00   0.0000000e+00   0.0000000e+00 
mode:  307 freq= 3214.5400 
  0.0000000e+00   0.0000000e+00   0.0000000e+00 
  0.0000000e+00   0.0000000e+00   0.0000000e+00 
  0.0000000e+00   0.0000000e+00   0.0000000e+00 
mode:  308 freq= 3217.0400 
  0.0000000e+00   0.0000000e+00   0.0000000e+00 
  0.0000000e+00   0.0000000e+00   0.0000000e+00 
  0.0000000e+00   0.0000000e+00   0.0000000e+00 
mode:  309 freq= 3219.0500 
  0.0000000e+00   0.0000000e+00   0.0000000e+00 
  0.0000000e+00   0.0000000e+00   0.0000000e+00 
  0.0000000e+00   0.0000000e+00   0.0000000e+00 
mode:  310 freq= 3220.1900 
  0.0000000e+00   0.0000000e+00   0.0000000e+00 
  0.0000000e+00   0.0000000e+00   0.0000000e+00 
  0.0000000e+00   0.0000000e+00   0.0000000e+00 
mode:  311 freq= 3222.7000 
  0.0000000e+00   0.0000000e+00   0.0000000e+00 
  0.0000000e+00   0.0000000e+00   0.0000000e+00 
  0.0000000e+00   0.0000000e+00   0.0000000e+00 
mode:  312 freq= 3223.6400 
  0.0000000e+00   0.0000000e+00   0.0000000e+00 
  0.0000000e+00   0.0000000e+00   0.0000000e+00 
  0.0000000e+00   0.0000000e+00   0.0000000e+00 
mode:  313 freq= 3223.9000 
  0.0000000e+00   0.0000000e+00   0.0000000e+00 
  0.0000000e+00   0.0000000e+00   0.0000000e+00 
  0.0000000e+00   0.0000000e+00   0.0000000e+00 
mode:  314 freq= 3225.4700 
  0.0000000e+00   0.0000000e+00   0.0000000e+00 
  0.0000000e+00   0.0000000e+00   0.0000000e+00 
  0.0000000e+00   0.0000000e+00   0.0000000e+00 
mode:  315 freq= 3228.8500 
  0.0000000e+00   0.0000000e+00   0.0000000e+00 
  0.0000000e+00   0.0000000e+00   0.0000000e+00 
  0.0000000e+00   0.0000000e+00   0.0000000e+00 
mode:  316 freq= 3232.7900 
  0.0000000e+00   0.0000000e+00   0.0000000e+00 
  0.0000000e+00   0.0000000e+00   0.0000000e+00 
  0.0000000e+00   0.0000000e+00   0.0000000e+00 
mode:  317 freq= 3232.9500 
  0.0000000e+00   0.0000000e+00   0.0000000e+00 
  0.0000000e+00   0.0000000e+00   0.0000000e+00 
  0.0000000e+00   0.0000000e+00   0.0000000e+00 
mode:  318 freq= 3234.2900 
  0.0000000e+00   0.0000000e+00   0.0000000e+00 
  0.0000000e+00   0.0000000e+00   0.0000000e+00 
  0.0000000e+00   0.0000000e+00   0.0000000e+00 
mode:  319 freq= 3236.2500 
  0.0000000e+00   0.0000000e+00   0.0000000e+00 
  0.0000000e+00   0.0000000e+00   0.0000000e+00 
  0.0000000e+00   0.0000000e+00   0.0000000e+00 
mode:  320 freq= 3241.6200 
  0.0000000e+00   0.0000000e+00   0.0000000e+00 
  0.0000000e+00   0.0000000e+00   0.0000000e+00 
  0.0000000e+00   0.0000000e+00   0.0000000e+00 
mode:  321 freq= 3241.9400 
  0.0000000e+00   0.0000000e+00   0.0000000e+00 
  0.0000000e+00   0.0000000e+00   0.0000000e+00 
  0.0000000e+00   0.0000000e+00   0.0000000e+00 
mode:  322 freq= 3245.9400 
  0.0000000e+00   0.0000000e+00   0.0000000e+00 
  0.0000000e+00   0.0000000e+00   0.0000000e+00 
  0.0000000e+00   0.0000000e+00   0.0000000e+00 
mode:  323 freq= 3250.9700 
  0.0000000e+00   0.0000000e+00   0.0000000e+00 
  0.0000000e+00   0.0000000e+00   0.0000000e+00 
  0.0000000e+00   0.0000000e+00   0.0000000e+00 
