unit: cm^{-1}, only max(dg)>1.000e-04 are saved; dg/dQ_alpha * Q_alpha 
mode:    6 freq=   11.8800 
  0.0000000e+00   0.0000000e+00   0.0000000e+00 
  0.0000000e+00   0.0000000e+00   0.0000000e+00 
  0.0000000e+00   0.0000000e+00   0.0000000e+00 
mode:    7 freq=   22.0300 
  0.0000000e+00   0.0000000e+00   0.0000000e+00 
  0.0000000e+00   0.0000000e+00   0.0000000e+00 
  0.0000000e+00   0.0000000e+00   0.0000000e+00 
mode:    8 freq=   25.7100 
  0.0000000e+00   0.0000000e+00   0.0000000e+00 
  0.0000000e+00   0.0000000e+00   0.0000000e+00 
  0.0000000e+00   0.0000000e+00   0.0000000e+00 
mode:    9 freq=   34.8000 
  0.0000000e+00   0.0000000e+00   0.0000000e+00 
  0.0000000e+00   0.0000000e+00   0.0000000e+00 
  0.0000000e+00   0.0000000e+00   0.0000000e+00 
mode:   10 freq=   44.3800 
  0.0000000e+00   0.0000000e+00   0.0000000e+00 
  0.0000000e+00   0.0000000e+00   0.0000000e+00 
  0.0000000e+00   0.0000000e+00   0.0000000e+00 
mode:   11 freq=   47.0700 
  0.0000000e+00   0.0000000e+00   0.0000000e+00 
  0.0000000e+00   0.0000000e+00   0.0000000e+00 
  0.0000000e+00   0.0000000e+00   0.0000000e+00 
mode:   12 freq=   59.4900 
  0.0000000e+00   0.0000000e+00   0.0000000e+00 
  0.0000000e+00   0.0000000e+00   0.0000000e+00 
  0.0000000e+00   0.0000000e+00   0.0000000e+00 
mode:   13 freq=   65.1400 
  0.0000000e+00   0.0000000e+00   0.0000000e+00 
  0.0000000e+00   0.0000000e+00   0.0000000e+00 
  0.0000000e+00   0.0000000e+00   0.0000000e+00 
mode:   14 freq=   65.5500 
  0.0000000e+00   0.0000000e+00   0.0000000e+00 
  0.0000000e+00   0.0000000e+00   0.0000000e+00 
  0.0000000e+00   0.0000000e+00   0.0000000e+00 
mode:   15 freq=   69.3900 
  0.0000000e+00   0.0000000e+00   0.0000000e+00 
  0.0000000e+00   0.0000000e+00   0.0000000e+00 
  0.0000000e+00   0.0000000e+00   0.0000000e+00 
mode:   16 freq=   76.6500 
  0.0000000e+00   0.0000000e+00   0.0000000e+00 
  0.0000000e+00   0.0000000e+00   0.0000000e+00 
  0.0000000e+00   0.0000000e+00   0.0000000e+00 
mode:   17 freq=   87.5100 
  0.0000000e+00   0.0000000e+00   0.0000000e+00 
  0.0000000e+00   0.0000000e+00   0.0000000e+00 
  0.0000000e+00   0.0000000e+00   0.0000000e+00 
mode:   18 freq=   92.0900 
  0.0000000e+00   0.0000000e+00   0.0000000e+00 
  0.0000000e+00   0.0000000e+00   0.0000000e+00 
  0.0000000e+00   0.0000000e+00   0.0000000e+00 
mode:   19 freq=  103.0200 
  0.0000000e+00   0.0000000e+00   0.0000000e+00 
  0.0000000e+00   0.0000000e+00   0.0000000e+00 
  0.0000000e+00   0.0000000e+00   0.0000000e+00 
mode:   20 freq=  106.9500 
  0.0000000e+00   0.0000000e+00   0.0000000e+00 
  0.0000000e+00   0.0000000e+00   0.0000000e+00 
  0.0000000e+00   0.0000000e+00   0.0000000e+00 
mode:   21 freq=  113.1300 
  0.0000000e+00   0.0000000e+00   0.0000000e+00 
  0.0000000e+00   0.0000000e+00   0.0000000e+00 
  0.0000000e+00   0.0000000e+00   0.0000000e+00 
mode:   22 freq=  118.6500 
  0.0000000e+00   0.0000000e+00   0.0000000e+00 
  0.0000000e+00   0.0000000e+00   0.0000000e+00 
  0.0000000e+00   0.0000000e+00   0.0000000e+00 
mode:   23 freq=  127.5700 
  0.0000000e+00   0.0000000e+00   0.0000000e+00 
  0.0000000e+00   0.0000000e+00   0.0000000e+00 
  0.0000000e+00   0.0000000e+00   0.0000000e+00 
mode:   24 freq=  136.5800 
  0.0000000e+00   0.0000000e+00   0.0000000e+00 
  0.0000000e+00   0.0000000e+00   0.0000000e+00 
  0.0000000e+00   0.0000000e+00   0.0000000e+00 
mode:   25 freq=  145.9500 
  0.0000000e+00   0.0000000e+00   0.0000000e+00 
  0.0000000e+00   0.0000000e+00   0.0000000e+00 
  0.0000000e+00   0.0000000e+00   0.0000000e+00 
mode:   26 freq=  150.7600 
  0.0000000e+00   0.0000000e+00   0.0000000e+00 
  0.0000000e+00   0.0000000e+00   0.0000000e+00 
  0.0000000e+00   0.0000000e+00   0.0000000e+00 
mode:   27 freq=  173.8000 
  0.0000000e+00   0.0000000e+00   0.0000000e+00 
  0.0000000e+00   0.0000000e+00   0.0000000e+00 
  0.0000000e+00   0.0000000e+00   0.0000000e+00 
mode:   28 freq=  179.5400 
  0.0000000e+00   0.0000000e+00   0.0000000e+00 
  0.0000000e+00   0.0000000e+00   0.0000000e+00 
  0.0000000e+00   0.0000000e+00   0.0000000e+00 
mode:   29 freq=  184.6600 
  0.0000000e+00   0.0000000e+00   0.0000000e+00 
  0.0000000e+00   0.0000000e+00   0.0000000e+00 
  0.0000000e+00   0.0000000e+00   0.0000000e+00 
mode:   30 freq=  187.0800 
  0.0000000e+00   0.0000000e+00   0.0000000e+00 
  0.0000000e+00   0.0000000e+00   0.0000000e+00 
  0.0000000e+00   0.0000000e+00   0.0000000e+00 
mode:   31 freq=  191.8900 
  0.0000000e+00   0.0000000e+00   0.0000000e+00 
  0.0000000e+00   0.0000000e+00   0.0000000e+00 
  0.0000000e+00   0.0000000e+00   0.0000000e+00 
mode:   32 freq=  198.2100 
  0.0000000e+00   0.0000000e+00   0.0000000e+00 
  0.0000000e+00   0.0000000e+00   0.0000000e+00 
  0.0000000e+00   0.0000000e+00   0.0000000e+00 
mode:   33 freq=  204.5700 
  0.0000000e+00   0.0000000e+00   0.0000000e+00 
  0.0000000e+00   0.0000000e+00   0.0000000e+00 
  0.0000000e+00   0.0000000e+00   0.0000000e+00 
mode:   34 freq=  206.0900 
  0.0000000e+00   0.0000000e+00   0.0000000e+00 
  0.0000000e+00   0.0000000e+00   0.0000000e+00 
  0.0000000e+00   0.0000000e+00   0.0000000e+00 
mode:   35 freq=  210.9400 
  0.0000000e+00   0.0000000e+00   0.0000000e+00 
  0.0000000e+00   0.0000000e+00   0.0000000e+00 
  0.0000000e+00   0.0000000e+00   0.0000000e+00 
mode:   36 freq=  215.8600 
  0.0000000e+00   0.0000000e+00   0.0000000e+00 
  0.0000000e+00   0.0000000e+00   0.0000000e+00 
  0.0000000e+00   0.0000000e+00   0.0000000e+00 
mode:   37 freq=  222.9700 
  0.0000000e+00   0.0000000e+00   0.0000000e+00 
  0.0000000e+00   0.0000000e+00   0.0000000e+00 
  0.0000000e+00   0.0000000e+00   0.0000000e+00 
mode:   38 freq=  224.9300 
  0.0000000e+00   0.0000000e+00   0.0000000e+00 
  0.0000000e+00   0.0000000e+00   0.0000000e+00 
  0.0000000e+00   0.0000000e+00   0.0000000e+00 
mode:   39 freq=  233.1800 
  0.0000000e+00   0.0000000e+00   0.0000000e+00 
  0.0000000e+00   0.0000000e+00   0.0000000e+00 
  0.0000000e+00   0.0000000e+00   0.0000000e+00 
mode:   40 freq=  237.6600 
  0.0000000e+00   0.0000000e+00   0.0000000e+00 
  0.0000000e+00   0.0000000e+00   0.0000000e+00 
  0.0000000e+00   0.0000000e+00   0.0000000e+00 
mode:   41 freq=  249.3700 
  0.0000000e+00   0.0000000e+00   0.0000000e+00 
  0.0000000e+00   0.0000000e+00   0.0000000e+00 
  0.0000000e+00   0.0000000e+00   0.0000000e+00 
mode:   42 freq=  251.8800 
  0.0000000e+00   0.0000000e+00   0.0000000e+00 
  0.0000000e+00   0.0000000e+00   0.0000000e+00 
  0.0000000e+00   0.0000000e+00   0.0000000e+00 
mode:   43 freq=  254.9900 
  0.0000000e+00   0.0000000e+00   0.0000000e+00 
  0.0000000e+00   0.0000000e+00   0.0000000e+00 
  0.0000000e+00   0.0000000e+00   0.0000000e+00 
mode:   44 freq=  257.3700 
  0.0000000e+00   0.0000000e+00   0.0000000e+00 
  0.0000000e+00   0.0000000e+00   0.0000000e+00 
  0.0000000e+00   0.0000000e+00   0.0000000e+00 
mode:   45 freq=  262.8000 
  0.0000000e+00   0.0000000e+00   0.0000000e+00 
  0.0000000e+00   0.0000000e+00   0.0000000e+00 
  0.0000000e+00   0.0000000e+00   0.0000000e+00 
mode:   46 freq=  268.5300 
  0.0000000e+00   0.0000000e+00   0.0000000e+00 
  0.0000000e+00   0.0000000e+00   0.0000000e+00 
  0.0000000e+00   0.0000000e+00   0.0000000e+00 
mode:   47 freq=  270.1400 
  0.0000000e+00   0.0000000e+00   0.0000000e+00 
  0.0000000e+00   0.0000000e+00   0.0000000e+00 
  0.0000000e+00   0.0000000e+00   0.0000000e+00 
mode:   48 freq=  278.6400 
  0.0000000e+00   0.0000000e+00   0.0000000e+00 
  0.0000000e+00   0.0000000e+00   0.0000000e+00 
  0.0000000e+00   0.0000000e+00   0.0000000e+00 
mode:   49 freq=  280.5900 
  0.0000000e+00   0.0000000e+00   0.0000000e+00 
  0.0000000e+00   0.0000000e+00   0.0000000e+00 
  0.0000000e+00   0.0000000e+00   0.0000000e+00 
mode:   50 freq=  283.9300 
  0.0000000e+00   0.0000000e+00   0.0000000e+00 
  0.0000000e+00   0.0000000e+00   0.0000000e+00 
  0.0000000e+00   0.0000000e+00   0.0000000e+00 
mode:   51 freq=  296.6400 
  0.0000000e+00   0.0000000e+00   0.0000000e+00 
  0.0000000e+00   0.0000000e+00   0.0000000e+00 
  0.0000000e+00   0.0000000e+00   0.0000000e+00 
mode:   52 freq=  301.3600 
  0.0000000e+00   0.0000000e+00   0.0000000e+00 
  0.0000000e+00   0.0000000e+00   0.0000000e+00 
  0.0000000e+00   0.0000000e+00   0.0000000e+00 
mode:   53 freq=  305.6200 
  0.0000000e+00   0.0000000e+00   0.0000000e+00 
  0.0000000e+00   0.0000000e+00   0.0000000e+00 
  0.0000000e+00   0.0000000e+00   0.0000000e+00 
mode:   54 freq=  310.4100 
  0.0000000e+00   0.0000000e+00   0.0000000e+00 
  0.0000000e+00   0.0000000e+00   0.0000000e+00 
  0.0000000e+00   0.0000000e+00   0.0000000e+00 
mode:   55 freq=  312.5700 
  0.0000000e+00   0.0000000e+00   0.0000000e+00 
  0.0000000e+00   0.0000000e+00   0.0000000e+00 
  0.0000000e+00   0.0000000e+00   0.0000000e+00 
mode:   56 freq=  322.5600 
  0.0000000e+00   0.0000000e+00   0.0000000e+00 
  0.0000000e+00   0.0000000e+00   0.0000000e+00 
  0.0000000e+00   0.0000000e+00   0.0000000e+00 
mode:   57 freq=  325.0100 
  0.0000000e+00   0.0000000e+00   0.0000000e+00 
  0.0000000e+00   0.0000000e+00   0.0000000e+00 
  0.0000000e+00   0.0000000e+00   0.0000000e+00 
mode:   58 freq=  326.4100 
  0.0000000e+00   0.0000000e+00   0.0000000e+00 
  0.0000000e+00   0.0000000e+00   0.0000000e+00 
  0.0000000e+00   0.0000000e+00   0.0000000e+00 
mode:   59 freq=  340.3300 
  0.0000000e+00   0.0000000e+00   0.0000000e+00 
  0.0000000e+00   0.0000000e+00   0.0000000e+00 
  0.0000000e+00   0.0000000e+00   0.0000000e+00 
mode:   60 freq=  341.2200 
  0.0000000e+00   0.0000000e+00   0.0000000e+00 
  0.0000000e+00   0.0000000e+00   0.0000000e+00 
  0.0000000e+00   0.0000000e+00   0.0000000e+00 
mode:   61 freq=  346.8600 
  0.0000000e+00   0.0000000e+00   0.0000000e+00 
  0.0000000e+00   0.0000000e+00   0.0000000e+00 
  0.0000000e+00   0.0000000e+00   0.0000000e+00 
mode:   62 freq=  351.7300 
  0.0000000e+00   0.0000000e+00   0.0000000e+00 
  0.0000000e+00   0.0000000e+00   0.0000000e+00 
  0.0000000e+00   0.0000000e+00   0.0000000e+00 
mode:   63 freq=  366.5600 
  0.0000000e+00   0.0000000e+00   0.0000000e+00 
  0.0000000e+00   0.0000000e+00   0.0000000e+00 
  0.0000000e+00   0.0000000e+00   0.0000000e+00 
mode:   64 freq=  380.0600 
  0.0000000e+00   0.0000000e+00   0.0000000e+00 
  0.0000000e+00   0.0000000e+00   0.0000000e+00 
  0.0000000e+00   0.0000000e+00   0.0000000e+00 
mode:   65 freq=  383.4400 
  0.0000000e+00   0.0000000e+00   0.0000000e+00 
  0.0000000e+00   0.0000000e+00   0.0000000e+00 
  0.0000000e+00   0.0000000e+00   0.0000000e+00 
mode:   66 freq=  402.9100 
  0.0000000e+00   0.0000000e+00   0.0000000e+00 
  0.0000000e+00   0.0000000e+00   0.0000000e+00 
  0.0000000e+00   0.0000000e+00   0.0000000e+00 
mode:   67 freq=  408.2100 
  0.0000000e+00   0.0000000e+00   0.0000000e+00 
  0.0000000e+00   0.0000000e+00   0.0000000e+00 
  0.0000000e+00   0.0000000e+00   0.0000000e+00 
mode:   68 freq=  413.1800 
  0.0000000e+00   0.0000000e+00   0.0000000e+00 
  0.0000000e+00   0.0000000e+00   0.0000000e+00 
  0.0000000e+00   0.0000000e+00   0.0000000e+00 
mode:   69 freq=  416.2400 
  0.0000000e+00   0.0000000e+00   0.0000000e+00 
  0.0000000e+00   0.0000000e+00   0.0000000e+00 
  0.0000000e+00   0.0000000e+00   0.0000000e+00 
mode:   70 freq=  429.0800 
  0.0000000e+00   0.0000000e+00   0.0000000e+00 
  0.0000000e+00   0.0000000e+00   0.0000000e+00 
  0.0000000e+00   0.0000000e+00   0.0000000e+00 
mode:   71 freq=  438.0600 
  0.0000000e+00   0.0000000e+00   0.0000000e+00 
  0.0000000e+00   0.0000000e+00   0.0000000e+00 
  0.0000000e+00   0.0000000e+00   0.0000000e+00 
mode:   72 freq=  438.3000 
  0.0000000e+00   0.0000000e+00   0.0000000e+00 
  0.0000000e+00   0.0000000e+00   0.0000000e+00 
  0.0000000e+00   0.0000000e+00   0.0000000e+00 
mode:   73 freq=  446.6600 
  0.0000000e+00   0.0000000e+00   0.0000000e+00 
  0.0000000e+00   0.0000000e+00   0.0000000e+00 
  0.0000000e+00   0.0000000e+00   0.0000000e+00 
mode:   74 freq=  455.2800 
  0.0000000e+00   0.0000000e+00   0.0000000e+00 
  0.0000000e+00   0.0000000e+00   0.0000000e+00 
  0.0000000e+00   0.0000000e+00   0.0000000e+00 
mode:   75 freq=  460.7600 
  0.0000000e+00   0.0000000e+00   0.0000000e+00 
  0.0000000e+00   0.0000000e+00   0.0000000e+00 
  0.0000000e+00   0.0000000e+00   0.0000000e+00 
mode:   76 freq=  468.5700 
  0.0000000e+00   0.0000000e+00   0.0000000e+00 
  0.0000000e+00   0.0000000e+00   0.0000000e+00 
  0.0000000e+00   0.0000000e+00   0.0000000e+00 
mode:   77 freq=  475.8100 
  0.0000000e+00   0.0000000e+00   0.0000000e+00 
  0.0000000e+00   0.0000000e+00   0.0000000e+00 
  0.0000000e+00   0.0000000e+00   0.0000000e+00 
mode:   78 freq=  477.8100 
  0.0000000e+00   0.0000000e+00   0.0000000e+00 
  0.0000000e+00   0.0000000e+00   0.0000000e+00 
  0.0000000e+00   0.0000000e+00   0.0000000e+00 
mode:   79 freq=  485.2800 
  0.0000000e+00   0.0000000e+00   0.0000000e+00 
  0.0000000e+00   0.0000000e+00   0.0000000e+00 
  0.0000000e+00   0.0000000e+00   0.0000000e+00 
mode:   80 freq=  487.3300 
  0.0000000e+00   0.0000000e+00   0.0000000e+00 
  0.0000000e+00   0.0000000e+00   0.0000000e+00 
  0.0000000e+00   0.0000000e+00   0.0000000e+00 
mode:   81 freq=  515.1000 
  0.0000000e+00   0.0000000e+00   0.0000000e+00 
  0.0000000e+00   0.0000000e+00   0.0000000e+00 
  0.0000000e+00   0.0000000e+00   0.0000000e+00 
mode:   82 freq=  516.6300 
  0.0000000e+00   0.0000000e+00   0.0000000e+00 
  0.0000000e+00   0.0000000e+00   0.0000000e+00 
  0.0000000e+00   0.0000000e+00   0.0000000e+00 
mode:   83 freq=  526.0400 
  0.0000000e+00   0.0000000e+00   0.0000000e+00 
  0.0000000e+00   0.0000000e+00   0.0000000e+00 
  0.0000000e+00   0.0000000e+00   0.0000000e+00 
mode:   84 freq=  532.2400 
  0.0000000e+00   0.0000000e+00   0.0000000e+00 
  0.0000000e+00   0.0000000e+00   0.0000000e+00 
  0.0000000e+00   0.0000000e+00   0.0000000e+00 
mode:   85 freq=  532.6500 
  0.0000000e+00   0.0000000e+00   0.0000000e+00 
  0.0000000e+00   0.0000000e+00   0.0000000e+00 
  0.0000000e+00   0.0000000e+00   0.0000000e+00 
mode:   86 freq=  533.5600 
  0.0000000e+00   0.0000000e+00   0.0000000e+00 
  0.0000000e+00   0.0000000e+00   0.0000000e+00 
  0.0000000e+00   0.0000000e+00   0.0000000e+00 
mode:   87 freq=  559.3200 
  0.0000000e+00   0.0000000e+00   0.0000000e+00 
  0.0000000e+00   0.0000000e+00   0.0000000e+00 
  0.0000000e+00   0.0000000e+00   0.0000000e+00 
mode:   88 freq=  566.6000 
  0.0000000e+00   0.0000000e+00   0.0000000e+00 
  0.0000000e+00   0.0000000e+00   0.0000000e+00 
  0.0000000e+00   0.0000000e+00   0.0000000e+00 
mode:   89 freq=  568.6600 
  0.0000000e+00   0.0000000e+00   0.0000000e+00 
  0.0000000e+00   0.0000000e+00   0.0000000e+00 
  0.0000000e+00   0.0000000e+00   0.0000000e+00 
mode:   90 freq=  572.6700 
  0.0000000e+00   0.0000000e+00   0.0000000e+00 
  0.0000000e+00   0.0000000e+00   0.0000000e+00 
  0.0000000e+00   0.0000000e+00   0.0000000e+00 
mode:   91 freq=  575.3300 
  0.0000000e+00   0.0000000e+00   0.0000000e+00 
  0.0000000e+00   0.0000000e+00   0.0000000e+00 
  0.0000000e+00   0.0000000e+00   0.0000000e+00 
mode:   92 freq=  585.6100 
  0.0000000e+00   0.0000000e+00   0.0000000e+00 
  0.0000000e+00   0.0000000e+00   0.0000000e+00 
  0.0000000e+00   0.0000000e+00   0.0000000e+00 
mode:   93 freq=  588.2300 
  0.0000000e+00   0.0000000e+00   0.0000000e+00 
  0.0000000e+00   0.0000000e+00   0.0000000e+00 
  0.0000000e+00   0.0000000e+00   0.0000000e+00 
mode:   94 freq=  619.1700 
  0.0000000e+00   0.0000000e+00   0.0000000e+00 
  0.0000000e+00   0.0000000e+00   0.0000000e+00 
  0.0000000e+00   0.0000000e+00   0.0000000e+00 
mode:   95 freq=  631.5300 
  0.0000000e+00   0.0000000e+00   0.0000000e+00 
  0.0000000e+00   0.0000000e+00   0.0000000e+00 
  0.0000000e+00   0.0000000e+00   0.0000000e+00 
mode:   96 freq=  633.2500 
  0.0000000e+00   0.0000000e+00   0.0000000e+00 
  0.0000000e+00   0.0000000e+00   0.0000000e+00 
  0.0000000e+00   0.0000000e+00   0.0000000e+00 
mode:   97 freq=  641.6900 
  0.0000000e+00   0.0000000e+00   0.0000000e+00 
  0.0000000e+00   0.0000000e+00   0.0000000e+00 
  0.0000000e+00   0.0000000e+00   0.0000000e+00 
mode:   98 freq=  642.1700 
  0.0000000e+00   0.0000000e+00   0.0000000e+00 
  0.0000000e+00   0.0000000e+00   0.0000000e+00 
  0.0000000e+00   0.0000000e+00   0.0000000e+00 
mode:   99 freq=  649.3300 
  0.0000000e+00   0.0000000e+00   0.0000000e+00 
  0.0000000e+00   0.0000000e+00   0.0000000e+00 
  0.0000000e+00   0.0000000e+00   0.0000000e+00 
mode:  100 freq=  655.5500 
  0.0000000e+00   0.0000000e+00   0.0000000e+00 
  0.0000000e+00   0.0000000e+00   0.0000000e+00 
  0.0000000e+00   0.0000000e+00   0.0000000e+00 
mode:  101 freq=  659.2600 
  0.0000000e+00   0.0000000e+00   0.0000000e+00 
  0.0000000e+00   0.0000000e+00   0.0000000e+00 
  0.0000000e+00   0.0000000e+00   0.0000000e+00 
mode:  102 freq=  661.0500 
  0.0000000e+00   0.0000000e+00   0.0000000e+00 
  0.0000000e+00   0.0000000e+00   0.0000000e+00 
  0.0000000e+00   0.0000000e+00   0.0000000e+00 
mode:  103 freq=  682.5000 
  0.0000000e+00   0.0000000e+00   0.0000000e+00 
  0.0000000e+00   0.0000000e+00   0.0000000e+00 
  0.0000000e+00   0.0000000e+00   0.0000000e+00 
mode:  104 freq=  732.0500 
  0.0000000e+00   0.0000000e+00   0.0000000e+00 
  0.0000000e+00   0.0000000e+00   0.0000000e+00 
  0.0000000e+00   0.0000000e+00   0.0000000e+00 
mode:  105 freq=  733.1200 
  0.0000000e+00   0.0000000e+00   0.0000000e+00 
  0.0000000e+00   0.0000000e+00   0.0000000e+00 
  0.0000000e+00   0.0000000e+00   0.0000000e+00 
mode:  106 freq=  752.5800 
  0.0000000e+00   0.0000000e+00   0.0000000e+00 
  0.0000000e+00   0.0000000e+00   0.0000000e+00 
  0.0000000e+00   0.0000000e+00   0.0000000e+00 
mode:  107 freq=  756.5700 
  0.0000000e+00   0.0000000e+00   0.0000000e+00 
  0.0000000e+00   0.0000000e+00   0.0000000e+00 
  0.0000000e+00   0.0000000e+00   0.0000000e+00 
mode:  108 freq=  762.2400 
  0.0000000e+00   0.0000000e+00   0.0000000e+00 
  0.0000000e+00   0.0000000e+00   0.0000000e+00 
  0.0000000e+00   0.0000000e+00   0.0000000e+00 
mode:  109 freq=  768.4700 
  0.0000000e+00   0.0000000e+00   0.0000000e+00 
  0.0000000e+00   0.0000000e+00   0.0000000e+00 
  0.0000000e+00   0.0000000e+00   0.0000000e+00 
mode:  110 freq=  771.5400 
  0.0000000e+00   0.0000000e+00   0.0000000e+00 
  0.0000000e+00   0.0000000e+00   0.0000000e+00 
  0.0000000e+00   0.0000000e+00   0.0000000e+00 
mode:  111 freq=  774.8400 
  0.0000000e+00   0.0000000e+00   0.0000000e+00 
  0.0000000e+00   0.0000000e+00   0.0000000e+00 
  0.0000000e+00   0.0000000e+00   0.0000000e+00 
mode:  112 freq=  779.8900 
  0.0000000e+00   0.0000000e+00   0.0000000e+00 
  0.0000000e+00   0.0000000e+00   0.0000000e+00 
  0.0000000e+00   0.0000000e+00   0.0000000e+00 
mode:  113 freq=  789.4900 
  0.0000000e+00   0.0000000e+00   0.0000000e+00 
  0.0000000e+00   0.0000000e+00   0.0000000e+00 
  0.0000000e+00   0.0000000e+00   0.0000000e+00 
mode:  114 freq=  792.3400 
  0.0000000e+00   0.0000000e+00   0.0000000e+00 
  0.0000000e+00   0.0000000e+00   0.0000000e+00 
  0.0000000e+00   0.0000000e+00   0.0000000e+00 
mode:  115 freq=  795.1900 
  0.0000000e+00   0.0000000e+00   0.0000000e+00 
  0.0000000e+00   0.0000000e+00   0.0000000e+00 
  0.0000000e+00   0.0000000e+00   0.0000000e+00 
mode:  116 freq=  798.1300 
  0.0000000e+00   0.0000000e+00   0.0000000e+00 
  0.0000000e+00   0.0000000e+00   0.0000000e+00 
  0.0000000e+00   0.0000000e+00   0.0000000e+00 
mode:  117 freq=  813.1400 
  0.0000000e+00   0.0000000e+00   0.0000000e+00 
  0.0000000e+00   0.0000000e+00   0.0000000e+00 
  0.0000000e+00   0.0000000e+00   0.0000000e+00 
mode:  118 freq=  814.1300 
  0.0000000e+00   0.0000000e+00   0.0000000e+00 
  0.0000000e+00   0.0000000e+00   0.0000000e+00 
  0.0000000e+00   0.0000000e+00   0.0000000e+00 
mode:  119 freq=  818.4200 
  0.0000000e+00   0.0000000e+00   0.0000000e+00 
  0.0000000e+00   0.0000000e+00   0.0000000e+00 
  0.0000000e+00   0.0000000e+00   0.0000000e+00 
mode:  120 freq=  822.4700 
  0.0000000e+00   0.0000000e+00   0.0000000e+00 
  0.0000000e+00   0.0000000e+00   0.0000000e+00 
  0.0000000e+00   0.0000000e+00   0.0000000e+00 
mode:  121 freq=  844.4200 
  0.0000000e+00   0.0000000e+00   0.0000000e+00 
  0.0000000e+00   0.0000000e+00   0.0000000e+00 
  0.0000000e+00   0.0000000e+00   0.0000000e+00 
mode:  122 freq=  850.8400 
  0.0000000e+00   0.0000000e+00   0.0000000e+00 
  0.0000000e+00   0.0000000e+00   0.0000000e+00 
  0.0000000e+00   0.0000000e+00   0.0000000e+00 
mode:  123 freq=  856.1900 
  0.0000000e+00   0.0000000e+00   0.0000000e+00 
  0.0000000e+00   0.0000000e+00   0.0000000e+00 
  0.0000000e+00   0.0000000e+00   0.0000000e+00 
mode:  124 freq=  876.7200 
  0.0000000e+00   0.0000000e+00   0.0000000e+00 
  0.0000000e+00   0.0000000e+00   0.0000000e+00 
  0.0000000e+00   0.0000000e+00   0.0000000e+00 
mode:  125 freq=  882.7300 
  0.0000000e+00   0.0000000e+00   0.0000000e+00 
  0.0000000e+00   0.0000000e+00   0.0000000e+00 
  0.0000000e+00   0.0000000e+00   0.0000000e+00 
mode:  126 freq=  887.2700 
  0.0000000e+00   0.0000000e+00   0.0000000e+00 
  0.0000000e+00   0.0000000e+00   0.0000000e+00 
  0.0000000e+00   0.0000000e+00   0.0000000e+00 
mode:  127 freq=  919.9800 
  0.0000000e+00   0.0000000e+00   0.0000000e+00 
  0.0000000e+00   0.0000000e+00   0.0000000e+00 
  0.0000000e+00   0.0000000e+00   0.0000000e+00 
mode:  128 freq=  925.0500 
  0.0000000e+00   0.0000000e+00   0.0000000e+00 
  0.0000000e+00   0.0000000e+00   0.0000000e+00 
  0.0000000e+00   0.0000000e+00   0.0000000e+00 
mode:  129 freq=  927.5800 
  0.0000000e+00   0.0000000e+00   0.0000000e+00 
  0.0000000e+00   0.0000000e+00   0.0000000e+00 
  0.0000000e+00   0.0000000e+00   0.0000000e+00 
mode:  130 freq=  934.1900 
  0.0000000e+00   0.0000000e+00   0.0000000e+00 
  0.0000000e+00   0.0000000e+00   0.0000000e+00 
  0.0000000e+00   0.0000000e+00   0.0000000e+00 
mode:  131 freq=  936.6800 
  0.0000000e+00   0.0000000e+00   0.0000000e+00 
  0.0000000e+00   0.0000000e+00   0.0000000e+00 
  0.0000000e+00   0.0000000e+00   0.0000000e+00 
mode:  132 freq=  937.0500 
  0.0000000e+00   0.0000000e+00   0.0000000e+00 
  0.0000000e+00   0.0000000e+00   0.0000000e+00 
  0.0000000e+00   0.0000000e+00   0.0000000e+00 
mode:  133 freq=  938.0400 
  0.0000000e+00   0.0000000e+00   0.0000000e+00 
  0.0000000e+00   0.0000000e+00   0.0000000e+00 
  0.0000000e+00   0.0000000e+00   0.0000000e+00 
mode:  134 freq=  938.2400 
  0.0000000e+00   0.0000000e+00   0.0000000e+00 
  0.0000000e+00   0.0000000e+00   0.0000000e+00 
  0.0000000e+00   0.0000000e+00   0.0000000e+00 
mode:  135 freq=  948.1100 
  0.0000000e+00   0.0000000e+00   0.0000000e+00 
  0.0000000e+00   0.0000000e+00   0.0000000e+00 
  0.0000000e+00   0.0000000e+00   0.0000000e+00 
mode:  136 freq=  949.3300 
  0.0000000e+00   0.0000000e+00   0.0000000e+00 
  0.0000000e+00   0.0000000e+00   0.0000000e+00 
  0.0000000e+00   0.0000000e+00   0.0000000e+00 
mode:  137 freq=  950.0800 
  0.0000000e+00   0.0000000e+00   0.0000000e+00 
  0.0000000e+00   0.0000000e+00   0.0000000e+00 
  0.0000000e+00   0.0000000e+00   0.0000000e+00 
mode:  138 freq=  961.7500 
  0.0000000e+00   0.0000000e+00   0.0000000e+00 
  0.0000000e+00   0.0000000e+00   0.0000000e+00 
  0.0000000e+00   0.0000000e+00   0.0000000e+00 
mode:  139 freq=  961.9500 
  0.0000000e+00   0.0000000e+00   0.0000000e+00 
  0.0000000e+00   0.0000000e+00   0.0000000e+00 
  0.0000000e+00   0.0000000e+00   0.0000000e+00 
mode:  140 freq=  962.1300 
  0.0000000e+00   0.0000000e+00   0.0000000e+00 
  0.0000000e+00   0.0000000e+00   0.0000000e+00 
  0.0000000e+00   0.0000000e+00   0.0000000e+00 
mode:  141 freq=  968.5500 
  0.0000000e+00   0.0000000e+00   0.0000000e+00 
  0.0000000e+00   0.0000000e+00   0.0000000e+00 
  0.0000000e+00   0.0000000e+00   0.0000000e+00 
mode:  142 freq=  970.6400 
  0.0000000e+00   0.0000000e+00   0.0000000e+00 
  0.0000000e+00   0.0000000e+00   0.0000000e+00 
  0.0000000e+00   0.0000000e+00   0.0000000e+00 
mode:  143 freq=  984.1800 
  0.0000000e+00   0.0000000e+00   0.0000000e+00 
  0.0000000e+00   0.0000000e+00   0.0000000e+00 
  0.0000000e+00   0.0000000e+00   0.0000000e+00 
mode:  144 freq=  989.8400 
  0.0000000e+00   0.0000000e+00   0.0000000e+00 
  0.0000000e+00   0.0000000e+00   0.0000000e+00 
  0.0000000e+00   0.0000000e+00   0.0000000e+00 
mode:  145 freq=  990.7800 
  0.0000000e+00   0.0000000e+00   0.0000000e+00 
  0.0000000e+00   0.0000000e+00   0.0000000e+00 
  0.0000000e+00   0.0000000e+00   0.0000000e+00 
mode:  146 freq= 1004.4300 
  0.0000000e+00   0.0000000e+00   0.0000000e+00 
  0.0000000e+00   0.0000000e+00   0.0000000e+00 
  0.0000000e+00   0.0000000e+00   0.0000000e+00 
mode:  147 freq= 1014.2800 
  0.0000000e+00   0.0000000e+00   0.0000000e+00 
  0.0000000e+00   0.0000000e+00   0.0000000e+00 
  0.0000000e+00   0.0000000e+00   0.0000000e+00 
mode:  148 freq= 1018.3800 
  0.0000000e+00   0.0000000e+00   0.0000000e+00 
  0.0000000e+00   0.0000000e+00   0.0000000e+00 
  0.0000000e+00   0.0000000e+00   0.0000000e+00 
mode:  149 freq= 1022.7000 
  0.0000000e+00   0.0000000e+00   0.0000000e+00 
  0.0000000e+00   0.0000000e+00   0.0000000e+00 
  0.0000000e+00   0.0000000e+00   0.0000000e+00 
mode:  150 freq= 1026.6800 
  0.0000000e+00   0.0000000e+00   0.0000000e+00 
  0.0000000e+00   0.0000000e+00   0.0000000e+00 
  0.0000000e+00   0.0000000e+00   0.0000000e+00 
mode:  151 freq= 1027.9300 
  0.0000000e+00   0.0000000e+00   0.0000000e+00 
  0.0000000e+00   0.0000000e+00   0.0000000e+00 
  0.0000000e+00   0.0000000e+00   0.0000000e+00 
mode:  152 freq= 1031.6200 
  0.0000000e+00   0.0000000e+00   0.0000000e+00 
  0.0000000e+00   0.0000000e+00   0.0000000e+00 
  0.0000000e+00   0.0000000e+00   0.0000000e+00 
mode:  153 freq= 1037.3000 
  0.0000000e+00   0.0000000e+00   0.0000000e+00 
  0.0000000e+00   0.0000000e+00   0.0000000e+00 
  0.0000000e+00   0.0000000e+00   0.0000000e+00 
mode:  154 freq= 1039.7600 
  0.0000000e+00   0.0000000e+00   0.0000000e+00 
  0.0000000e+00   0.0000000e+00   0.0000000e+00 
  0.0000000e+00   0.0000000e+00   0.0000000e+00 
mode:  155 freq= 1041.7000 
  0.0000000e+00   0.0000000e+00   0.0000000e+00 
  0.0000000e+00   0.0000000e+00   0.0000000e+00 
  0.0000000e+00   0.0000000e+00   0.0000000e+00 
mode:  156 freq= 1042.3200 
  0.0000000e+00   0.0000000e+00   0.0000000e+00 
  0.0000000e+00   0.0000000e+00   0.0000000e+00 
  0.0000000e+00   0.0000000e+00   0.0000000e+00 
mode:  157 freq= 1046.2200 
  0.0000000e+00   0.0000000e+00   0.0000000e+00 
  0.0000000e+00   0.0000000e+00   0.0000000e+00 
  0.0000000e+00   0.0000000e+00   0.0000000e+00 
mode:  158 freq= 1046.5400 
  0.0000000e+00   0.0000000e+00   0.0000000e+00 
  0.0000000e+00   0.0000000e+00   0.0000000e+00 
  0.0000000e+00   0.0000000e+00   0.0000000e+00 
mode:  159 freq= 1053.3000 
  0.0000000e+00   0.0000000e+00   0.0000000e+00 
  0.0000000e+00   0.0000000e+00   0.0000000e+00 
  0.0000000e+00   0.0000000e+00   0.0000000e+00 
mode:  160 freq= 1055.3500 
  0.0000000e+00   0.0000000e+00   0.0000000e+00 
  0.0000000e+00   0.0000000e+00   0.0000000e+00 
  0.0000000e+00   0.0000000e+00   0.0000000e+00 
mode:  161 freq= 1060.6600 
  0.0000000e+00   0.0000000e+00   0.0000000e+00 
  0.0000000e+00   0.0000000e+00   0.0000000e+00 
  0.0000000e+00   0.0000000e+00   0.0000000e+00 
mode:  162 freq= 1061.9900 
  0.0000000e+00   0.0000000e+00   0.0000000e+00 
  0.0000000e+00   0.0000000e+00   0.0000000e+00 
  0.0000000e+00   0.0000000e+00   0.0000000e+00 
mode:  163 freq= 1068.8200 
  0.0000000e+00   0.0000000e+00   0.0000000e+00 
  0.0000000e+00   0.0000000e+00   0.0000000e+00 
  0.0000000e+00   0.0000000e+00   0.0000000e+00 
mode:  164 freq= 1081.4500 
  0.0000000e+00   0.0000000e+00   0.0000000e+00 
  0.0000000e+00   0.0000000e+00   0.0000000e+00 
  0.0000000e+00   0.0000000e+00   0.0000000e+00 
mode:  165 freq= 1088.3100 
  0.0000000e+00   0.0000000e+00   0.0000000e+00 
  0.0000000e+00   0.0000000e+00   0.0000000e+00 
  0.0000000e+00   0.0000000e+00   0.0000000e+00 
mode:  166 freq= 1089.8400 
  0.0000000e+00   0.0000000e+00   0.0000000e+00 
  0.0000000e+00   0.0000000e+00   0.0000000e+00 
  0.0000000e+00   0.0000000e+00   0.0000000e+00 
mode:  167 freq= 1095.2500 
  0.0000000e+00   0.0000000e+00   0.0000000e+00 
  0.0000000e+00   0.0000000e+00   0.0000000e+00 
  0.0000000e+00   0.0000000e+00   0.0000000e+00 
mode:  168 freq= 1098.1800 
  0.0000000e+00   0.0000000e+00   0.0000000e+00 
  0.0000000e+00   0.0000000e+00   0.0000000e+00 
  0.0000000e+00   0.0000000e+00   0.0000000e+00 
mode:  169 freq= 1115.9400 
  0.0000000e+00   0.0000000e+00   0.0000000e+00 
  0.0000000e+00   0.0000000e+00   0.0000000e+00 
  0.0000000e+00   0.0000000e+00   0.0000000e+00 
mode:  170 freq= 1117.9500 
  0.0000000e+00   0.0000000e+00   0.0000000e+00 
  0.0000000e+00   0.0000000e+00   0.0000000e+00 
  0.0000000e+00   0.0000000e+00   0.0000000e+00 
mode:  171 freq= 1122.5500 
  0.0000000e+00   0.0000000e+00   0.0000000e+00 
  0.0000000e+00   0.0000000e+00   0.0000000e+00 
  0.0000000e+00   0.0000000e+00   0.0000000e+00 
mode:  172 freq= 1136.3200 
  0.0000000e+00   0.0000000e+00   0.0000000e+00 
  0.0000000e+00   0.0000000e+00   0.0000000e+00 
  0.0000000e+00   0.0000000e+00   0.0000000e+00 
mode:  173 freq= 1139.5200 
  0.0000000e+00   0.0000000e+00   0.0000000e+00 
  0.0000000e+00   0.0000000e+00   0.0000000e+00 
  0.0000000e+00   0.0000000e+00   0.0000000e+00 
mode:  174 freq= 1145.4600 
  0.0000000e+00   0.0000000e+00   0.0000000e+00 
  0.0000000e+00   0.0000000e+00   0.0000000e+00 
  0.0000000e+00   0.0000000e+00   0.0000000e+00 
mode:  175 freq= 1149.6200 
  0.0000000e+00   0.0000000e+00   0.0000000e+00 
  0.0000000e+00   0.0000000e+00   0.0000000e+00 
  0.0000000e+00   0.0000000e+00   0.0000000e+00 
mode:  176 freq= 1155.9900 
  0.0000000e+00   0.0000000e+00   0.0000000e+00 
  0.0000000e+00   0.0000000e+00   0.0000000e+00 
  0.0000000e+00   0.0000000e+00   0.0000000e+00 
mode:  177 freq= 1173.6300 
  0.0000000e+00   0.0000000e+00   0.0000000e+00 
  0.0000000e+00   0.0000000e+00   0.0000000e+00 
  0.0000000e+00   0.0000000e+00   0.0000000e+00 
mode:  178 freq= 1178.5600 
  0.0000000e+00   0.0000000e+00   0.0000000e+00 
  0.0000000e+00   0.0000000e+00   0.0000000e+00 
  0.0000000e+00   0.0000000e+00   0.0000000e+00 
mode:  179 freq= 1183.9300 
  0.0000000e+00   0.0000000e+00   0.0000000e+00 
  0.0000000e+00   0.0000000e+00   0.0000000e+00 
  0.0000000e+00   0.0000000e+00   0.0000000e+00 
mode:  180 freq= 1186.5300 
  0.0000000e+00   0.0000000e+00   0.0000000e+00 
  0.0000000e+00   0.0000000e+00   0.0000000e+00 
  0.0000000e+00   0.0000000e+00   0.0000000e+00 
mode:  181 freq= 1188.5700 
  0.0000000e+00   0.0000000e+00   0.0000000e+00 
  0.0000000e+00   0.0000000e+00   0.0000000e+00 
  0.0000000e+00   0.0000000e+00   0.0000000e+00 
mode:  182 freq= 1196.2300 
  0.0000000e+00   0.0000000e+00   0.0000000e+00 
  0.0000000e+00   0.0000000e+00   0.0000000e+00 
  0.0000000e+00   0.0000000e+00   0.0000000e+00 
mode:  183 freq= 1210.2700 
  0.0000000e+00   0.0000000e+00   0.0000000e+00 
  0.0000000e+00   0.0000000e+00   0.0000000e+00 
  0.0000000e+00   0.0000000e+00   0.0000000e+00 
mode:  184 freq= 1215.7500 
  0.0000000e+00   0.0000000e+00   0.0000000e+00 
  0.0000000e+00   0.0000000e+00   0.0000000e+00 
  0.0000000e+00   0.0000000e+00   0.0000000e+00 
mode:  185 freq= 1217.6100 
  0.0000000e+00   0.0000000e+00   0.0000000e+00 
  0.0000000e+00   0.0000000e+00   0.0000000e+00 
  0.0000000e+00   0.0000000e+00   0.0000000e+00 
mode:  186 freq= 1219.3400 
  0.0000000e+00   0.0000000e+00   0.0000000e+00 
  0.0000000e+00   0.0000000e+00   0.0000000e+00 
  0.0000000e+00   0.0000000e+00   0.0000000e+00 
mode:  187 freq= 1223.8100 
  0.0000000e+00   0.0000000e+00   0.0000000e+00 
  0.0000000e+00   0.0000000e+00   0.0000000e+00 
  0.0000000e+00   0.0000000e+00   0.0000000e+00 
mode:  188 freq= 1232.2100 
  0.0000000e+00   0.0000000e+00   0.0000000e+00 
  0.0000000e+00   0.0000000e+00   0.0000000e+00 
  0.0000000e+00   0.0000000e+00   0.0000000e+00 
mode:  189 freq= 1233.6700 
  0.0000000e+00   0.0000000e+00   0.0000000e+00 
  0.0000000e+00   0.0000000e+00   0.0000000e+00 
  0.0000000e+00   0.0000000e+00   0.0000000e+00 
mode:  190 freq= 1243.2700 
  0.0000000e+00   0.0000000e+00   0.0000000e+00 
  0.0000000e+00   0.0000000e+00   0.0000000e+00 
  0.0000000e+00   0.0000000e+00   0.0000000e+00 
mode:  191 freq= 1259.3800 
  0.0000000e+00   0.0000000e+00   0.0000000e+00 
  0.0000000e+00   0.0000000e+00   0.0000000e+00 
  0.0000000e+00   0.0000000e+00   0.0000000e+00 
mode:  192 freq= 1259.7300 
  0.0000000e+00   0.0000000e+00   0.0000000e+00 
  0.0000000e+00   0.0000000e+00   0.0000000e+00 
  0.0000000e+00   0.0000000e+00   0.0000000e+00 
mode:  193 freq= 1262.9900 
  0.0000000e+00   0.0000000e+00   0.0000000e+00 
  0.0000000e+00   0.0000000e+00   0.0000000e+00 
  0.0000000e+00   0.0000000e+00   0.0000000e+00 
mode:  194 freq= 1264.6700 
  0.0000000e+00   0.0000000e+00   0.0000000e+00 
  0.0000000e+00   0.0000000e+00   0.0000000e+00 
  0.0000000e+00   0.0000000e+00   0.0000000e+00 
mode:  195 freq= 1268.5800 
  0.0000000e+00   0.0000000e+00   0.0000000e+00 
  0.0000000e+00   0.0000000e+00   0.0000000e+00 
  0.0000000e+00   0.0000000e+00   0.0000000e+00 
mode:  196 freq= 1280.6000 
  0.0000000e+00   0.0000000e+00   0.0000000e+00 
  0.0000000e+00   0.0000000e+00   0.0000000e+00 
  0.0000000e+00   0.0000000e+00   0.0000000e+00 
mode:  197 freq= 1289.8300 
  0.0000000e+00   0.0000000e+00   0.0000000e+00 
  0.0000000e+00   0.0000000e+00   0.0000000e+00 
  0.0000000e+00   0.0000000e+00   0.0000000e+00 
mode:  198 freq= 1297.6600 
  0.0000000e+00   0.0000000e+00   0.0000000e+00 
  0.0000000e+00   0.0000000e+00   0.0000000e+00 
  0.0000000e+00   0.0000000e+00   0.0000000e+00 
mode:  199 freq= 1298.0200 
  0.0000000e+00   0.0000000e+00   0.0000000e+00 
  0.0000000e+00   0.0000000e+00   0.0000000e+00 
  0.0000000e+00   0.0000000e+00   0.0000000e+00 
mode:  200 freq= 1306.8000 
  0.0000000e+00   0.0000000e+00   0.0000000e+00 
  0.0000000e+00   0.0000000e+00   0.0000000e+00 
  0.0000000e+00   0.0000000e+00   0.0000000e+00 
mode:  201 freq= 1316.3400 
  0.0000000e+00   0.0000000e+00   0.0000000e+00 
  0.0000000e+00   0.0000000e+00   0.0000000e+00 
  0.0000000e+00   0.0000000e+00   0.0000000e+00 
mode:  202 freq= 1320.4900 
  0.0000000e+00   0.0000000e+00   0.0000000e+00 
  0.0000000e+00   0.0000000e+00   0.0000000e+00 
  0.0000000e+00   0.0000000e+00   0.0000000e+00 
mode:  203 freq= 1325.1700 
  0.0000000e+00   0.0000000e+00   0.0000000e+00 
  0.0000000e+00   0.0000000e+00   0.0000000e+00 
  0.0000000e+00   0.0000000e+00   0.0000000e+00 
mode:  204 freq= 1348.0600 
  0.0000000e+00   0.0000000e+00   0.0000000e+00 
  0.0000000e+00   0.0000000e+00   0.0000000e+00 
  0.0000000e+00   0.0000000e+00   0.0000000e+00 
mode:  205 freq= 1351.2100 
  0.0000000e+00   0.0000000e+00   0.0000000e+00 
  0.0000000e+00   0.0000000e+00   0.0000000e+00 
  0.0000000e+00   0.0000000e+00   0.0000000e+00 
mode:  206 freq= 1352.4200 
  0.0000000e+00   0.0000000e+00   0.0000000e+00 
  0.0000000e+00   0.0000000e+00   0.0000000e+00 
  0.0000000e+00   0.0000000e+00   0.0000000e+00 
mode:  207 freq= 1356.9600 
  0.0000000e+00   0.0000000e+00   0.0000000e+00 
  0.0000000e+00   0.0000000e+00   0.0000000e+00 
  0.0000000e+00   0.0000000e+00   0.0000000e+00 
mode:  208 freq= 1379.3700 
  0.0000000e+00   0.0000000e+00   0.0000000e+00 
  0.0000000e+00   0.0000000e+00   0.0000000e+00 
  0.0000000e+00   0.0000000e+00   0.0000000e+00 
mode:  209 freq= 1383.4400 
  0.0000000e+00   0.0000000e+00   0.0000000e+00 
  0.0000000e+00   0.0000000e+00   0.0000000e+00 
  0.0000000e+00   0.0000000e+00   0.0000000e+00 
mode:  210 freq= 1384.1500 
  0.0000000e+00   0.0000000e+00   0.0000000e+00 
  0.0000000e+00   0.0000000e+00   0.0000000e+00 
  0.0000000e+00   0.0000000e+00   0.0000000e+00 
mode:  211 freq= 1385.0000 
  0.0000000e+00   0.0000000e+00   0.0000000e+00 
  0.0000000e+00   0.0000000e+00   0.0000000e+00 
  0.0000000e+00   0.0000000e+00   0.0000000e+00 
mode:  212 freq= 1388.5000 
  0.0000000e+00   0.0000000e+00   0.0000000e+00 
  0.0000000e+00   0.0000000e+00   0.0000000e+00 
  0.0000000e+00   0.0000000e+00   0.0000000e+00 
mode:  213 freq= 1388.9800 
  0.0000000e+00   0.0000000e+00   0.0000000e+00 
  0.0000000e+00   0.0000000e+00   0.0000000e+00 
  0.0000000e+00   0.0000000e+00   0.0000000e+00 
mode:  214 freq= 1389.7500 
  0.0000000e+00   0.0000000e+00   0.0000000e+00 
  0.0000000e+00   0.0000000e+00   0.0000000e+00 
  0.0000000e+00   0.0000000e+00   0.0000000e+00 
mode:  215 freq= 1394.0600 
  0.0000000e+00   0.0000000e+00   0.0000000e+00 
  0.0000000e+00   0.0000000e+00   0.0000000e+00 
  0.0000000e+00   0.0000000e+00   0.0000000e+00 
mode:  216 freq= 1395.2400 
  0.0000000e+00   0.0000000e+00   0.0000000e+00 
  0.0000000e+00   0.0000000e+00   0.0000000e+00 
  0.0000000e+00   0.0000000e+00   0.0000000e+00 
mode:  217 freq= 1402.0800 
  0.0000000e+00   0.0000000e+00   0.0000000e+00 
  0.0000000e+00   0.0000000e+00   0.0000000e+00 
  0.0000000e+00   0.0000000e+00   0.0000000e+00 
mode:  218 freq= 1406.0000 
  0.0000000e+00   0.0000000e+00   0.0000000e+00 
  0.0000000e+00   0.0000000e+00   0.0000000e+00 
  0.0000000e+00   0.0000000e+00   0.0000000e+00 
mode:  219 freq= 1407.0500 
  0.0000000e+00   0.0000000e+00   0.0000000e+00 
  0.0000000e+00   0.0000000e+00   0.0000000e+00 
  0.0000000e+00   0.0000000e+00   0.0000000e+00 
mode:  220 freq= 1409.0400 
  0.0000000e+00   0.0000000e+00   0.0000000e+00 
  0.0000000e+00   0.0000000e+00   0.0000000e+00 
  0.0000000e+00   0.0000000e+00   0.0000000e+00 
mode:  221 freq= 1414.5100 
  0.0000000e+00   0.0000000e+00   0.0000000e+00 
  0.0000000e+00   0.0000000e+00   0.0000000e+00 
  0.0000000e+00   0.0000000e+00   0.0000000e+00 
mode:  222 freq= 1419.7300 
  0.0000000e+00   0.0000000e+00   0.0000000e+00 
  0.0000000e+00   0.0000000e+00   0.0000000e+00 
  0.0000000e+00   0.0000000e+00   0.0000000e+00 
mode:  223 freq= 1420.7000 
  0.0000000e+00   0.0000000e+00   0.0000000e+00 
  0.0000000e+00   0.0000000e+00   0.0000000e+00 
  0.0000000e+00   0.0000000e+00   0.0000000e+00 
mode:  224 freq= 1422.3800 
  0.0000000e+00   0.0000000e+00   0.0000000e+00 
  0.0000000e+00   0.0000000e+00   0.0000000e+00 
  0.0000000e+00   0.0000000e+00   0.0000000e+00 
mode:  225 freq= 1433.2100 
  0.0000000e+00   0.0000000e+00   0.0000000e+00 
  0.0000000e+00   0.0000000e+00   0.0000000e+00 
  0.0000000e+00   0.0000000e+00   0.0000000e+00 
mode:  226 freq= 1437.7600 
  0.0000000e+00   0.0000000e+00   0.0000000e+00 
  0.0000000e+00   0.0000000e+00   0.0000000e+00 
  0.0000000e+00   0.0000000e+00   0.0000000e+00 
mode:  227 freq= 1444.5100 
  0.0000000e+00   0.0000000e+00   0.0000000e+00 
  0.0000000e+00   0.0000000e+00   0.0000000e+00 
  0.0000000e+00   0.0000000e+00   0.0000000e+00 
mode:  228 freq= 1444.6100 
  0.0000000e+00   0.0000000e+00   0.0000000e+00 
  0.0000000e+00   0.0000000e+00   0.0000000e+00 
  0.0000000e+00   0.0000000e+00   0.0000000e+00 
mode:  229 freq= 1445.3500 
  0.0000000e+00   0.0000000e+00   0.0000000e+00 
  0.0000000e+00   0.0000000e+00   0.0000000e+00 
  0.0000000e+00   0.0000000e+00   0.0000000e+00 
mode:  230 freq= 1449.3900 
  0.0000000e+00   0.0000000e+00   0.0000000e+00 
  0.0000000e+00   0.0000000e+00   0.0000000e+00 
  0.0000000e+00   0.0000000e+00   0.0000000e+00 
mode:  231 freq= 1449.9000 
  0.0000000e+00   0.0000000e+00   0.0000000e+00 
  0.0000000e+00   0.0000000e+00   0.0000000e+00 
  0.0000000e+00   0.0000000e+00   0.0000000e+00 
mode:  232 freq= 1452.1200 
  0.0000000e+00   0.0000000e+00   0.0000000e+00 
  0.0000000e+00   0.0000000e+00   0.0000000e+00 
  0.0000000e+00   0.0000000e+00   0.0000000e+00 
mode:  233 freq= 1452.1600 
  0.0000000e+00   0.0000000e+00   0.0000000e+00 
  0.0000000e+00   0.0000000e+00   0.0000000e+00 
  0.0000000e+00   0.0000000e+00   0.0000000e+00 
mode:  234 freq= 1453.7900 
  0.0000000e+00   0.0000000e+00   0.0000000e+00 
  0.0000000e+00   0.0000000e+00   0.0000000e+00 
  0.0000000e+00   0.0000000e+00   0.0000000e+00 
mode:  235 freq= 1454.2600 
  0.0000000e+00   0.0000000e+00   0.0000000e+00 
  0.0000000e+00   0.0000000e+00   0.0000000e+00 
  0.0000000e+00   0.0000000e+00   0.0000000e+00 
mode:  236 freq= 1455.8700 
  0.0000000e+00   0.0000000e+00   0.0000000e+00 
  0.0000000e+00   0.0000000e+00   0.0000000e+00 
  0.0000000e+00   0.0000000e+00   0.0000000e+00 
mode:  237 freq= 1456.9200 
  0.0000000e+00   0.0000000e+00   0.0000000e+00 
  0.0000000e+00   0.0000000e+00   0.0000000e+00 
  0.0000000e+00   0.0000000e+00   0.0000000e+00 
mode:  238 freq= 1458.7000 
  0.0000000e+00   0.0000000e+00   0.0000000e+00 
  0.0000000e+00   0.0000000e+00   0.0000000e+00 
  0.0000000e+00   0.0000000e+00   0.0000000e+00 
mode:  239 freq= 1461.5500 
  0.0000000e+00   0.0000000e+00   0.0000000e+00 
  0.0000000e+00   0.0000000e+00   0.0000000e+00 
  0.0000000e+00   0.0000000e+00   0.0000000e+00 
mode:  240 freq= 1464.0900 
  0.0000000e+00   0.0000000e+00   0.0000000e+00 
  0.0000000e+00   0.0000000e+00   0.0000000e+00 
  0.0000000e+00   0.0000000e+00   0.0000000e+00 
mode:  241 freq= 1475.5500 
  0.0000000e+00   0.0000000e+00   0.0000000e+00 
  0.0000000e+00   0.0000000e+00   0.0000000e+00 
  0.0000000e+00   0.0000000e+00   0.0000000e+00 
mode:  242 freq= 1477.6400 
  0.0000000e+00   0.0000000e+00   0.0000000e+00 
  0.0000000e+00   0.0000000e+00   0.0000000e+00 
  0.0000000e+00   0.0000000e+00   0.0000000e+00 
mode:  243 freq= 1479.9800 
  0.0000000e+00   0.0000000e+00   0.0000000e+00 
  0.0000000e+00   0.0000000e+00   0.0000000e+00 
  0.0000000e+00   0.0000000e+00   0.0000000e+00 
mode:  244 freq= 1481.6700 
  0.0000000e+00   0.0000000e+00   0.0000000e+00 
  0.0000000e+00   0.0000000e+00   0.0000000e+00 
  0.0000000e+00   0.0000000e+00   0.0000000e+00 
mode:  245 freq= 1484.3400 
  0.0000000e+00   0.0000000e+00   0.0000000e+00 
  0.0000000e+00   0.0000000e+00   0.0000000e+00 
  0.0000000e+00   0.0000000e+00   0.0000000e+00 
mode:  246 freq= 1484.5900 
  0.0000000e+00   0.0000000e+00   0.0000000e+00 
  0.0000000e+00   0.0000000e+00   0.0000000e+00 
  0.0000000e+00   0.0000000e+00   0.0000000e+00 
mode:  247 freq= 1486.0300 
  0.0000000e+00   0.0000000e+00   0.0000000e+00 
  0.0000000e+00   0.0000000e+00   0.0000000e+00 
  0.0000000e+00   0.0000000e+00   0.0000000e+00 
mode:  248 freq= 1490.5700 
  0.0000000e+00   0.0000000e+00   0.0000000e+00 
  0.0000000e+00   0.0000000e+00   0.0000000e+00 
  0.0000000e+00   0.0000000e+00   0.0000000e+00 
mode:  249 freq= 1491.3400 
  0.0000000e+00   0.0000000e+00   0.0000000e+00 
  0.0000000e+00   0.0000000e+00   0.0000000e+00 
  0.0000000e+00   0.0000000e+00   0.0000000e+00 
mode:  250 freq= 1493.7700 
  0.0000000e+00   0.0000000e+00   0.0000000e+00 
  0.0000000e+00   0.0000000e+00   0.0000000e+00 
  0.0000000e+00   0.0000000e+00   0.0000000e+00 
mode:  251 freq= 1495.1300 
  0.0000000e+00   0.0000000e+00   0.0000000e+00 
  0.0000000e+00   0.0000000e+00   0.0000000e+00 
  0.0000000e+00   0.0000000e+00   0.0000000e+00 
mode:  252 freq= 1496.9300 
  0.0000000e+00   0.0000000e+00   0.0000000e+00 
  0.0000000e+00   0.0000000e+00   0.0000000e+00 
  0.0000000e+00   0.0000000e+00   0.0000000e+00 
mode:  253 freq= 1503.0000 
  0.0000000e+00   0.0000000e+00   0.0000000e+00 
  0.0000000e+00   0.0000000e+00   0.0000000e+00 
  0.0000000e+00   0.0000000e+00   0.0000000e+00 
mode:  254 freq= 1514.6700 
  0.0000000e+00   0.0000000e+00   0.0000000e+00 
  0.0000000e+00   0.0000000e+00   0.0000000e+00 
  0.0000000e+00   0.0000000e+00   0.0000000e+00 
mode:  255 freq= 1516.4100 
  0.0000000e+00   0.0000000e+00   0.0000000e+00 
  0.0000000e+00   0.0000000e+00   0.0000000e+00 
  0.0000000e+00   0.0000000e+00   0.0000000e+00 
mode:  256 freq= 1519.1600 
  0.0000000e+00   0.0000000e+00   0.0000000e+00 
  0.0000000e+00   0.0000000e+00   0.0000000e+00 
  0.0000000e+00   0.0000000e+00   0.0000000e+00 
mode:  257 freq= 1522.9200 
  0.0000000e+00   0.0000000e+00   0.0000000e+00 
  0.0000000e+00   0.0000000e+00   0.0000000e+00 
  0.0000000e+00   0.0000000e+00   0.0000000e+00 
mode:  258 freq= 1544.1300 
  0.0000000e+00   0.0000000e+00   0.0000000e+00 
  0.0000000e+00   0.0000000e+00   0.0000000e+00 
  0.0000000e+00   0.0000000e+00   0.0000000e+00 
mode:  259 freq= 1554.7500 
  0.0000000e+00   0.0000000e+00   0.0000000e+00 
  0.0000000e+00   0.0000000e+00   0.0000000e+00 
  0.0000000e+00   0.0000000e+00   0.0000000e+00 
mode:  260 freq= 1594.7300 
  0.0000000e+00   0.0000000e+00   0.0000000e+00 
  0.0000000e+00   0.0000000e+00   0.0000000e+00 
  0.0000000e+00   0.0000000e+00   0.0000000e+00 
mode:  261 freq= 1661.3700 
  0.0000000e+00   0.0000000e+00   0.0000000e+00 
  0.0000000e+00   0.0000000e+00   0.0000000e+00 
  0.0000000e+00   0.0000000e+00   0.0000000e+00 
mode:  262 freq= 1668.0300 
  0.0000000e+00   0.0000000e+00   0.0000000e+00 
  0.0000000e+00   0.0000000e+00   0.0000000e+00 
  0.0000000e+00   0.0000000e+00   0.0000000e+00 
mode:  263 freq= 1669.4000 
  0.0000000e+00   0.0000000e+00   0.0000000e+00 
  0.0000000e+00   0.0000000e+00   0.0000000e+00 
  0.0000000e+00   0.0000000e+00   0.0000000e+00 
mode:  264 freq= 1672.5400 
  0.0000000e+00   0.0000000e+00   0.0000000e+00 
  0.0000000e+00   0.0000000e+00   0.0000000e+00 
  0.0000000e+00   0.0000000e+00   0.0000000e+00 
mode:  265 freq= 1675.0700 
  0.0000000e+00   0.0000000e+00   0.0000000e+00 
  0.0000000e+00   0.0000000e+00   0.0000000e+00 
  0.0000000e+00   0.0000000e+00   0.0000000e+00 
mode:  266 freq= 1682.7200 
  0.0000000e+00   0.0000000e+00   0.0000000e+00 
  0.0000000e+00   0.0000000e+00   0.0000000e+00 
  0.0000000e+00   0.0000000e+00   0.0000000e+00 
mode:  267 freq= 1684.2500 
  0.0000000e+00   0.0000000e+00   0.0000000e+00 
  0.0000000e+00   0.0000000e+00   0.0000000e+00 
  0.0000000e+00   0.0000000e+00   0.0000000e+00 
mode:  268 freq= 1690.1400 
  0.0000000e+00   0.0000000e+00   0.0000000e+00 
  0.0000000e+00   0.0000000e+00   0.0000000e+00 
  0.0000000e+00   0.0000000e+00   0.0000000e+00 
mode:  269 freq= 1690.4200 
  0.0000000e+00   0.0000000e+00   0.0000000e+00 
  0.0000000e+00   0.0000000e+00   0.0000000e+00 
  0.0000000e+00   0.0000000e+00   0.0000000e+00 
mode:  270 freq= 1699.6800 
  0.0000000e+00   0.0000000e+00   0.0000000e+00 
  0.0000000e+00   0.0000000e+00   0.0000000e+00 
  0.0000000e+00   0.0000000e+00   0.0000000e+00 
mode:  271 freq= 1730.2700 
  0.0000000e+00   0.0000000e+00   0.0000000e+00 
  0.0000000e+00   0.0000000e+00   0.0000000e+00 
  0.0000000e+00   0.0000000e+00   0.0000000e+00 
mode:  272 freq= 3009.0500 
  0.0000000e+00   0.0000000e+00   0.0000000e+00 
  0.0000000e+00   0.0000000e+00   0.0000000e+00 
  0.0000000e+00   0.0000000e+00   0.0000000e+00 
mode:  273 freq= 3041.9000 
  0.0000000e+00   0.0000000e+00   0.0000000e+00 
  0.0000000e+00   0.0000000e+00   0.0000000e+00 
  0.0000000e+00   0.0000000e+00   0.0000000e+00 
mode:  274 freq= 3042.5900 
  0.0000000e+00   0.0000000e+00   0.0000000e+00 
  0.0000000e+00   0.0000000e+00   0.0000000e+00 
  0.0000000e+00   0.0000000e+00   0.0000000e+00 
mode:  275 freq= 3060.1400 
  0.0000000e+00   0.0000000e+00   0.0000000e+00 
  0.0000000e+00   0.0000000e+00   0.0000000e+00 
  0.0000000e+00   0.0000000e+00   0.0000000e+00 
mode:  276 freq= 3060.1500 
  0.0000000e+00   0.0000000e+00   0.0000000e+00 
  0.0000000e+00   0.0000000e+00   0.0000000e+00 
  0.0000000e+00   0.0000000e+00   0.0000000e+00 
mode:  277 freq= 3061.7300 
  0.0000000e+00   0.0000000e+00   0.0000000e+00 
  0.0000000e+00   0.0000000e+00   0.0000000e+00 
  0.0000000e+00   0.0000000e+00   0.0000000e+00 
mode:  278 freq= 3068.3600 
  0.0000000e+00   0.0000000e+00   0.0000000e+00 
  0.0000000e+00   0.0000000e+00   0.0000000e+00 
  0.0000000e+00   0.0000000e+00   0.0000000e+00 
mode:  279 freq= 3068.7700 
  0.0000000e+00   0.0000000e+00   0.0000000e+00 
  0.0000000e+00   0.0000000e+00   0.0000000e+00 
  0.0000000e+00   0.0000000e+00   0.0000000e+00 
mode:  280 freq= 3068.8200 
  0.0000000e+00   0.0000000e+00   0.0000000e+00 
  0.0000000e+00   0.0000000e+00   0.0000000e+00 
  0.0000000e+00   0.0000000e+00   0.0000000e+00 
mode:  281 freq= 3081.5000 
  0.0000000e+00   0.0000000e+00   0.0000000e+00 
  0.0000000e+00   0.0000000e+00   0.0000000e+00 
  0.0000000e+00   0.0000000e+00   0.0000000e+00 
mode:  282 freq= 3081.6100 
  0.0000000e+00   0.0000000e+00   0.0000000e+00 
  0.0000000e+00   0.0000000e+00   0.0000000e+00 
  0.0000000e+00   0.0000000e+00   0.0000000e+00 
mode:  283 freq= 3085.1300 
  0.0000000e+00   0.0000000e+00   0.0000000e+00 
  0.0000000e+00   0.0000000e+00   0.0000000e+00 
  0.0000000e+00   0.0000000e+00   0.0000000e+00 
mode:  284 freq= 3085.6300 
  0.0000000e+00   0.0000000e+00   0.0000000e+00 
  0.0000000e+00   0.0000000e+00   0.0000000e+00 
  0.0000000e+00   0.0000000e+00   0.0000000e+00 
mode:  285 freq= 3123.5000 
  0.0000000e+00   0.0000000e+00   0.0000000e+00 
  0.0000000e+00   0.0000000e+00   0.0000000e+00 
  0.0000000e+00   0.0000000e+00   0.0000000e+00 
mode:  286 freq= 3124.3400 
  0.0000000e+00   0.0000000e+00   0.0000000e+00 
  0.0000000e+00   0.0000000e+00   0.0000000e+00 
  0.0000000e+00   0.0000000e+00   0.0000000e+00 
mode:  287 freq= 3125.3300 
  0.0000000e+00   0.0000000e+00   0.0000000e+00 
  0.0000000e+00   0.0000000e+00   0.0000000e+00 
  0.0000000e+00   0.0000000e+00   0.0000000e+00 
mode:  288 freq= 3125.4800 
  0.0000000e+00   0.0000000e+00   0.0000000e+00 
  0.0000000e+00   0.0000000e+00   0.0000000e+00 
  0.0000000e+00   0.0000000e+00   0.0000000e+00 
mode:  289 freq= 3128.4900 
  0.0000000e+00   0.0000000e+00   0.0000000e+00 
  0.0000000e+00   0.0000000e+00   0.0000000e+00 
  0.0000000e+00   0.0000000e+00   0.0000000e+00 
mode:  290 freq= 3157.8700 
  0.0000000e+00   0.0000000e+00   0.0000000e+00 
  0.0000000e+00   0.0000000e+00   0.0000000e+00 
  0.0000000e+00   0.0000000e+00   0.0000000e+00 
mode:  291 freq= 3159.6200 
  0.0000000e+00   0.0000000e+00   0.0000000e+00 
  0.0000000e+00   0.0000000e+00   0.0000000e+00 
  0.0000000e+00   0.0000000e+00   0.0000000e+00 
mode:  292 freq= 3161.0800 
  0.0000000e+00   0.0000000e+00   0.0000000e+00 
  0.0000000e+00   0.0000000e+00   0.0000000e+00 
  0.0000000e+00   0.0000000e+00   0.0000000e+00 
mode:  293 freq= 3161.4100 
  0.0000000e+00   0.0000000e+00   0.0000000e+00 
  0.0000000e+00   0.0000000e+00   0.0000000e+00 
  0.0000000e+00   0.0000000e+00   0.0000000e+00 
mode:  294 freq= 3166.5600 
  0.0000000e+00   0.0000000e+00   0.0000000e+00 
  0.0000000e+00   0.0000000e+00   0.0000000e+00 
  0.0000000e+00   0.0000000e+00   0.0000000e+00 
mode:  295 freq= 3167.4200 
  0.0000000e+00   0.0000000e+00   0.0000000e+00 
  0.0000000e+00   0.0000000e+00   0.0000000e+00 
  0.0000000e+00   0.0000000e+00   0.0000000e+00 
mode:  296 freq= 3169.9800 
  0.0000000e+00   0.0000000e+00   0.0000000e+00 
  0.0000000e+00   0.0000000e+00   0.0000000e+00 
  0.0000000e+00   0.0000000e+00   0.0000000e+00 
mode:  297 freq= 3170.2900 
  0.0000000e+00   0.0000000e+00   0.0000000e+00 
  0.0000000e+00   0.0000000e+00   0.0000000e+00 
  0.0000000e+00   0.0000000e+00   0.0000000e+00 
mode:  298 freq= 3173.9000 
  0.0000000e+00   0.0000000e+00   0.0000000e+00 
  0.0000000e+00   0.0000000e+00   0.0000000e+00 
  0.0000000e+00   0.0000000e+00   0.0000000e+00 
mode:  299 freq= 3173.9100 
  0.0000000e+00   0.0000000e+00   0.0000000e+00 
  0.0000000e+00   0.0000000e+00   0.0000000e+00 
  0.0000000e+00   0.0000000e+00   0.0000000e+00 
mode:  300 freq= 3174.3600 
  0.0000000e+00   0.0000000e+00   0.0000000e+00 
  0.0000000e+00   0.0000000e+00   0.0000000e+00 
  0.0000000e+00   0.0000000e+00   0.0000000e+00 
mode:  301 freq= 3174.5600 
  0.0000000e+00   0.0000000e+00   0.0000000e+00 
  0.0000000e+00   0.0000000e+00   0.0000000e+00 
  0.0000000e+00   0.0000000e+00   0.0000000e+00 
mode:  302 freq= 3188.0400 
  0.0000000e+00   0.0000000e+00   0.0000000e+00 
  0.0000000e+00   0.0000000e+00   0.0000000e+00 
  0.0000000e+00   0.0000000e+00   0.0000000e+00 
mode:  303 freq= 3192.1200 
  0.0000000e+00   0.0000000e+00   0.0000000e+00 
  0.0000000e+00   0.0000000e+00   0.0000000e+00 
  0.0000000e+00   0.0000000e+00   0.0000000e+00 
mode:  304 freq= 3192.9400 
  0.0000000e+00   0.0000000e+00   0.0000000e+00 
  0.0000000e+00   0.0000000e+00   0.0000000e+00 
  0.0000000e+00   0.0000000e+00   0.0000000e+00 
mode:  305 freq= 3204.7100 
  0.0000000e+00   0.0000000e+00   0.0000000e+00 
  0.0000000e+00   0.0000000e+00   0.0000000e+00 
  0.0000000e+00   0.0000000e+00   0.0000000e+00 
mode:  306 freq= 3205.6900 
  0.0000000e+00   0.0000000e+00   0.0000000e+00 
  0.0000000e+00   0.0000000e+00   0.0000000e+00 
  0.0000000e+00   0.0000000e+00   0.0000000e+00 
mode:  307 freq= 3208.0700 
  0.0000000e+00   0.0000000e+00   0.0000000e+00 
  0.0000000e+00   0.0000000e+00   0.0000000e+00 
  0.0000000e+00   0.0000000e+00   0.0000000e+00 
mode:  308 freq= 3211.7400 
  0.0000000e+00   0.0000000e+00   0.0000000e+00 
  0.0000000e+00   0.0000000e+00   0.0000000e+00 
  0.0000000e+00   0.0000000e+00   0.0000000e+00 
mode:  309 freq= 3219.5100 
  0.0000000e+00   0.0000000e+00   0.0000000e+00 
  0.0000000e+00   0.0000000e+00   0.0000000e+00 
  0.0000000e+00   0.0000000e+00   0.0000000e+00 
mode:  310 freq= 3221.3800 
  0.0000000e+00   0.0000000e+00   0.0000000e+00 
  0.0000000e+00   0.0000000e+00   0.0000000e+00 
  0.0000000e+00   0.0000000e+00   0.0000000e+00 
mode:  311 freq= 3223.2800 
  0.0000000e+00   0.0000000e+00   0.0000000e+00 
  0.0000000e+00   0.0000000e+00   0.0000000e+00 
  0.0000000e+00   0.0000000e+00   0.0000000e+00 
mode:  312 freq= 3225.8800 
  0.0000000e+00   0.0000000e+00   0.0000000e+00 
  0.0000000e+00   0.0000000e+00   0.0000000e+00 
  0.0000000e+00   0.0000000e+00   0.0000000e+00 
mode:  313 freq= 3226.1900 
  0.0000000e+00   0.0000000e+00   0.0000000e+00 
  0.0000000e+00   0.0000000e+00   0.0000000e+00 
  0.0000000e+00   0.0000000e+00   0.0000000e+00 
mode:  314 freq= 3230.9300 
  0.0000000e+00   0.0000000e+00   0.0000000e+00 
  0.0000000e+00   0.0000000e+00   0.0000000e+00 
  0.0000000e+00   0.0000000e+00   0.0000000e+00 
mode:  315 freq= 3234.3100 
  0.0000000e+00   0.0000000e+00   0.0000000e+00 
  0.0000000e+00   0.0000000e+00   0.0000000e+00 
  0.0000000e+00   0.0000000e+00   0.0000000e+00 
mode:  316 freq= 3234.5800 
  0.0000000e+00   0.0000000e+00   0.0000000e+00 
  0.0000000e+00   0.0000000e+00   0.0000000e+00 
  0.0000000e+00   0.0000000e+00   0.0000000e+00 
mode:  317 freq= 3238.3100 
  0.0000000e+00   0.0000000e+00   0.0000000e+00 
  0.0000000e+00   0.0000000e+00   0.0000000e+00 
  0.0000000e+00   0.0000000e+00   0.0000000e+00 
mode:  318 freq= 3238.9200 
  0.0000000e+00   0.0000000e+00   0.0000000e+00 
  0.0000000e+00   0.0000000e+00   0.0000000e+00 
  0.0000000e+00   0.0000000e+00   0.0000000e+00 
mode:  319 freq= 3240.0100 
  0.0000000e+00   0.0000000e+00   0.0000000e+00 
  0.0000000e+00   0.0000000e+00   0.0000000e+00 
  0.0000000e+00   0.0000000e+00   0.0000000e+00 
mode:  320 freq= 3241.3400 
  0.0000000e+00   0.0000000e+00   0.0000000e+00 
  0.0000000e+00   0.0000000e+00   0.0000000e+00 
  0.0000000e+00   0.0000000e+00   0.0000000e+00 
mode:  321 freq= 3241.6800 
  0.0000000e+00   0.0000000e+00   0.0000000e+00 
  0.0000000e+00   0.0000000e+00   0.0000000e+00 
  0.0000000e+00   0.0000000e+00   0.0000000e+00 
mode:  322 freq= 3250.3800 
  0.0000000e+00   0.0000000e+00   0.0000000e+00 
  0.0000000e+00   0.0000000e+00   0.0000000e+00 
  0.0000000e+00   0.0000000e+00   0.0000000e+00 
mode:  323 freq= 3251.1300 
  0.0000000e+00   0.0000000e+00   0.0000000e+00 
  0.0000000e+00   0.0000000e+00   0.0000000e+00 
  0.0000000e+00   0.0000000e+00   0.0000000e+00 
