unit: cm^{-1}, only max(dg)>1.000e-04 are saved; dg/dQ_alpha * Q_alpha 
mode:    6 freq=   11.8800 
 -3.3821627e-03   2.4623473e-03   3.4955952e-03 
  2.1450560e-03  -4.1112352e-03   1.5685887e-03 
  3.8697213e-03   1.9971209e-03   1.7704631e-04 
mode:    7 freq=   22.0300 
  1.1919724e-03  -2.2811878e-04  -6.4422220e-04 
 -8.3362622e-05   3.3102707e-03  -3.0422067e-05 
 -3.3832266e-04  -2.9626219e-05  -1.3898506e-04 
mode:    8 freq=   25.7100 
  8.5982366e-04  -1.0219482e-03  -1.3145583e-03 
 -1.1156476e-03  -1.3151308e-03   7.6018880e-04 
 -1.4386965e-03   8.7505749e-04  -1.8339071e-03 
mode:    9 freq=   34.8000 
 -1.9192119e-03  -2.3618132e-04   1.6275759e-03 
 -1.8200810e-04  -1.8039590e-03   1.1858417e-03 
  1.7842669e-03   1.0470656e-03  -9.5376197e-05 
mode:   10 freq=   44.3800 
  2.9607890e-03  -7.4309220e-04  -3.0997134e-03 
 -4.7084539e-04   2.3462550e-03  -6.9311672e-04 
 -2.9305793e-03  -7.5129632e-04  -7.4967762e-04 
mode:   11 freq=   47.0700 
  2.8648155e-03  -2.7557903e-03  -4.1397810e-03 
 -2.3234331e-03   1.8419222e-03  -6.5363499e-04 
 -4.0152910e-03  -5.5879361e-04  -2.8874660e-03 
mode:   12 freq=   59.4900 
 -1.4267885e-03   6.4228901e-04   1.0418061e-03 
  5.2540709e-04  -3.3785818e-03   1.4347866e-03 
  9.1878512e-04   1.4939366e-03  -1.3478204e-03 
mode:   13 freq=   65.1400 
 -2.3613788e-05   4.1277744e-04  -9.6178684e-05 
  4.3481125e-04  -7.0627531e-04  -9.4375070e-05 
 -3.0722390e-04  -1.4642260e-04   8.8692848e-05 
mode:   14 freq=   65.5500 
 -5.2625648e-04  -4.8136564e-04   5.9805692e-04 
 -6.2096616e-04  -9.1352605e-04   1.2327503e-04 
  4.1529540e-04  -3.6605419e-05   3.8997009e-04 
mode:   15 freq=   69.3900 
  8.3042364e-04  -2.7110967e-04  -2.1894378e-03 
 -2.4719216e-05  -2.4444767e-03   1.1059713e-03 
 -1.8528812e-03   1.3214836e-03  -3.1855186e-03 
mode:   16 freq=   76.6500 
 -3.2021011e-04  -1.8191864e-03  -1.3139041e-03 
 -1.5370953e-03  -2.4594241e-03   8.6222338e-04 
 -1.2751966e-03   9.1091023e-04  -3.0325711e-03 
mode:   17 freq=   87.5100 
 -2.5960916e-03  -9.3593519e-04   1.7396316e-03 
 -1.2327266e-03  -3.2077012e-03   3.9330199e-04 
  1.4571889e-03   3.0583993e-04  -2.8213510e-04 
mode:   18 freq=   92.0900 
  6.6794539e-04  -1.1653493e-03  -1.2558109e-03 
 -1.0866655e-03   2.4863204e-04  -8.7655360e-04 
 -1.3902559e-03  -1.0508080e-03  -4.0028258e-04 
mode:   19 freq=  103.0200 
  1.9201759e-03  -4.0047291e-04  -1.7820623e-03 
 -2.3442998e-04   9.1022569e-04   3.5958651e-04 
 -1.5646443e-03   6.7166888e-04  -1.3609593e-03 
mode:   20 freq=  106.9500 
  4.5991491e-04   3.0893688e-04   1.0054690e-05 
  2.5106421e-04   1.9757424e-03  -3.1969606e-04 
  1.3354160e-04  -4.5386113e-04   7.6809709e-04 
mode:   21 freq=  113.1300 
  8.7703303e-04   2.5724710e-04  -2.4182009e-05 
  2.3940661e-04   1.8574562e-03  -1.1661103e-03 
 -1.5562571e-04  -1.2519646e-03   1.8179177e-03 
mode:   22 freq=  118.6500 
  1.0808355e-03   1.6616049e-03   5.2513973e-04 
  1.4527733e-03   7.2607357e-04  -4.2056384e-04 
  4.3423532e-04  -4.3562227e-04   1.9492473e-03 
mode:   23 freq=  127.5700 
  2.8014170e-05  -4.7539483e-04  -4.6906856e-04 
 -4.8123777e-04   3.3541310e-04  -4.8860303e-05 
 -3.1485543e-04  -2.0062941e-04  -2.7795753e-04 
mode:   24 freq=  136.5800 
 -1.1006206e-03   3.9687144e-05   1.9180289e-03 
  1.0553022e-04   1.4053662e-03  -4.8933938e-04 
  1.6759737e-03  -5.9944662e-04   1.6699618e-03 
mode:   25 freq=  145.9500 
 -6.8072309e-04  -1.1136725e-03   8.9140402e-04 
 -1.2121975e-03   2.6640602e-03   2.9391717e-04 
  1.0589924e-03   2.8256347e-04  -3.5460799e-04 
mode:   26 freq=  150.7600 
  8.3673939e-04   1.4070665e-03  -3.5003031e-05 
  1.5183514e-03   4.4079389e-04   3.3465485e-04 
 -5.2685946e-05   5.2617187e-04   3.1787110e-04 
mode:   27 freq=  173.8000 
 -6.0275769e-04   1.2809342e-03   1.3426338e-03 
  1.1429453e-03  -1.0899086e-03   3.7309524e-04 
  1.2288657e-03   3.2878221e-04   9.2819016e-04 
mode:   28 freq=  179.5400 
 -7.9410974e-04  -2.7008199e-04   5.6440271e-04 
 -2.4810716e-04   5.3052708e-04   5.5128295e-04 
  6.9389230e-04   6.0833877e-04  -8.1810124e-04 
mode:   29 freq=  184.6600 
 -9.2953287e-04   1.1721517e-03   7.1117277e-04 
  1.1738569e-03  -1.7887276e-03   1.7517779e-04 
  6.7874384e-04   1.1342351e-04   3.2236935e-04 
mode:   30 freq=  187.0800 
 -8.1589529e-04   8.8047264e-04   1.5759573e-03 
  7.5309456e-04   9.9008482e-05   2.9261346e-04 
  1.5573112e-03   2.5335375e-04   1.2630950e-03 
mode:   31 freq=  191.8900 
  9.9032935e-04  -3.2435829e-04  -6.2872667e-04 
 -3.2185053e-04   1.8265677e-03  -1.5441209e-04 
 -6.0063888e-04  -8.7105203e-05  -1.6346406e-04 
mode:   32 freq=  198.2100 
  1.2103179e-03  -1.9414013e-04  -1.0160103e-03 
 -2.8327549e-04   8.8920355e-04  -2.5253508e-04 
 -1.0096513e-03  -8.1764741e-05  -3.5041173e-04 
mode:   33 freq=  204.5700 
 -1.0179708e-03   5.9765764e-05   1.0621002e-03 
  1.3420518e-04  -5.4510130e-04   5.8395822e-04 
  1.1122129e-03   5.3746206e-04   7.8167352e-05 
mode:   34 freq=  206.0900 
  1.3753481e-03  -2.6320534e-04  -1.2697228e-03 
 -1.6688334e-04   1.6177941e-03  -1.3045509e-04 
 -1.1850524e-03  -3.4677755e-05  -8.4312402e-04 
mode:   35 freq=  210.9400 
  1.8786885e-03  -1.3032131e-03  -2.4193690e-03 
 -1.2132924e-03   8.7856988e-04  -2.6805583e-04 
 -2.2705610e-03  -9.9421352e-05  -1.6562033e-03 
mode:   36 freq=  215.8600 
  4.7930027e-04   4.2537131e-04   9.0278242e-04 
  4.6842366e-04   3.0452035e-03   1.7615148e-04 
  8.5779910e-04  -2.8550089e-05   1.0826357e-03 
mode:   37 freq=  222.9700 
  1.6303113e-03  -1.2119535e-04  -1.1934892e-03 
 -4.1485469e-05   2.3425104e-03  -1.9894783e-04 
 -1.1296258e-03  -1.4536538e-04  -5.1435864e-04 
mode:   38 freq=  224.9300 
  2.0408489e-03  -1.8052086e-03  -3.0090356e-03 
 -1.6182349e-03   8.4610649e-04  -2.3141015e-04 
 -2.9097934e-03   3.7911512e-05  -2.7644394e-03 
mode:   39 freq=  233.1800 
  1.4924733e-03  -1.8336649e-03  -2.9142748e-03 
 -1.8621367e-03   4.6149732e-04   1.2202165e-04 
 -2.5945997e-03   3.0757493e-04  -2.2442981e-03 
mode:   40 freq=  237.6600 
  2.4946667e-03  -1.3112215e-03  -2.8373806e-03 
 -1.1528717e-03   2.3600283e-03  -2.0046179e-04 
 -2.6525031e-03   5.3300847e-05  -2.2206014e-03 
mode:   41 freq=  249.3700 
  9.4028552e-04  -5.5609310e-04  -1.0446561e-03 
 -4.7336554e-04   4.0963682e-04  -1.3989218e-04 
 -9.8822094e-04  -7.1567212e-05  -7.1405809e-04 
mode:   42 freq=  251.8800 
 -5.0981974e-04   3.2731811e-04   8.7202439e-04 
  3.3707748e-04   3.5994737e-04   2.5849887e-04 
  9.8951929e-04   1.7023538e-04   5.9753468e-04 
mode:   43 freq=  254.9900 
  9.3958470e-05  -1.9371926e-04  -1.7250567e-04 
 -1.0319283e-04  -4.3583937e-04  -3.6184913e-04 
 -2.2944849e-04  -5.6337424e-04   6.3532329e-04 
mode:   44 freq=  257.3700 
  1.6604108e-03  -1.1675819e-03  -1.7680378e-03 
 -9.8367627e-04   1.6678955e-03  -5.2552551e-04 
 -1.6831508e-03  -5.1611651e-04  -5.9924742e-04 
mode:   45 freq=  262.8000 
 -9.5878189e-04   2.7052139e-04   1.0965544e-03 
  2.1906472e-04  -5.7756074e-04   3.0728161e-04 
  1.1401712e-03   2.1315361e-04   4.7222608e-04 
mode:   46 freq=  268.5300 
 -1.4383079e-03  -1.1597073e-03   1.6664825e-04 
 -1.1350779e-03  -3.7808965e-03  -1.2440724e-03 
  1.0820424e-04  -1.3659763e-03   1.3425804e-03 
mode:   47 freq=  270.1400 
  1.6443989e-03  -2.1035653e-03  -2.5896290e-03 
 -1.8530570e-03   8.1549859e-04  -1.1661140e-03 
 -2.4163433e-03  -1.0601367e-03  -8.2940013e-04 
mode:   48 freq=  278.6400 
 -1.0510312e-03   8.3246265e-06   1.3145765e-03 
  2.1332112e-05  -1.2993370e-03  -9.9758762e-05 
  1.1742906e-03  -2.7485341e-04   1.8449289e-03 
mode:   49 freq=  280.5900 
 -1.2563528e-03  -1.4071674e-03  -6.3636637e-05 
 -1.3556916e-03  -3.6655472e-03  -1.4004349e-03 
 -1.3861512e-04  -1.5125156e-03   1.3856608e-03 
mode:   50 freq=  283.9300 
  2.5486405e-03  -3.9814333e-03  -4.3193848e-03 
 -3.5898942e-03   1.0711526e-03  -2.2232627e-03 
 -4.1349161e-03  -1.9804162e-03  -1.3055850e-03 
mode:   51 freq=  296.6400 
  1.0587426e-05  -2.4163213e-04   3.8297883e-05 
 -1.0938989e-04   4.3283494e-04   1.3957350e-04 
  1.3992914e-04   7.0413859e-05   3.6398663e-04 
mode:   52 freq=  301.3600 
 -2.6332702e-03   1.9434329e-04   1.9316660e-03 
  1.0849927e-04  -4.1281559e-03  -4.7240872e-04 
  1.7556967e-03  -9.2752776e-04   1.9764140e-03 
mode:   53 freq=  305.6200 
  1.8264156e-03  -1.9149035e-03  -2.6048834e-03 
 -1.5674462e-03   1.3658960e-03  -9.6001855e-04 
 -2.4342568e-03  -9.6820115e-04  -5.9638347e-04 
mode:   54 freq=  310.4100 
 -1.7058657e-04   1.0094294e-03   1.2396846e-03 
  8.7648887e-04   8.5148395e-04   3.7208599e-04 
  1.2874039e-03   4.3393150e-04   1.1390754e-03 
mode:   55 freq=  312.5700 
 -1.6835899e-03  -2.4164937e-03  -3.4307273e-04 
 -2.2946863e-03  -4.6722892e-03  -1.9033714e-03 
 -4.3783545e-04  -2.0063095e-03   1.0326836e-03 
mode:   56 freq=  322.5600 
  1.4692982e-03  -1.4362495e-03  -2.1748750e-03 
 -1.2328186e-03   9.5147341e-04  -6.7151397e-04 
 -1.9988153e-03  -6.3789330e-04  -8.7692212e-04 
mode:   57 freq=  325.0100 
 -8.2813169e-04  -1.0396849e-03   2.4411268e-04 
 -9.2610793e-04  -1.0763235e-03  -6.1175704e-04 
  3.2288140e-04  -6.5114317e-04   7.2066254e-04 
mode:   58 freq=  326.4100 
  4.1045088e-04   5.0675404e-04   6.9936821e-05 
  5.5156875e-04   2.2198828e-04   2.7582096e-04 
  1.3897203e-04   1.3953330e-04   3.4466608e-04 
mode:   59 freq=  340.3300 
  8.9660149e-04  -1.2439964e-03  -1.4922976e-03 
 -1.1519263e-03   1.3291800e-04  -5.1131179e-04 
 -1.4919494e-03  -3.8613494e-04  -7.8359231e-04 
mode:   60 freq=  341.2200 
 -6.0127020e-04  -4.7663838e-04   4.8299553e-04 
 -3.5756757e-04  -4.0279605e-04  -3.4314878e-04 
  4.7679434e-04  -4.2686351e-04   9.5766433e-04 
mode:   61 freq=  346.8600 
  2.1933287e-03   3.0610634e-03   6.1902621e-04 
  2.8726005e-03   5.1553845e-03   1.0056935e-03 
  5.7527083e-04   6.4569039e-04   1.5872670e-03 
mode:   62 freq=  351.7300 
  1.4276331e-03  -9.7754366e-04  -1.7047818e-03 
 -1.0581505e-03   1.5184184e-03  -7.2849915e-04 
 -1.5534672e-03  -6.2104003e-04  -5.7705198e-04 
mode:   63 freq=  366.5600 
 -2.0470673e-04   3.4062741e-04   8.3996273e-04 
  3.5064103e-04   1.2371160e-03  -5.4157998e-04 
  8.7390641e-04  -6.7896784e-04   1.9037939e-03 
mode:   64 freq=  380.0600 
  1.3853602e-03  -8.6734858e-04  -1.4083567e-03 
 -7.8893499e-04   8.4277685e-04  -7.5969441e-04 
 -1.1703272e-03  -7.8092145e-04   7.9178237e-05 
mode:   65 freq=  383.4400 
  1.9262250e-03  -5.5505706e-04  -1.5611194e-03 
 -5.4943585e-04   2.6730843e-03  -9.7665698e-04 
 -1.5113538e-03  -8.9986959e-04   3.5153387e-04 
mode:   66 freq=  402.9100 
 -1.4630773e-03  -3.0653969e-03  -7.3688872e-04 
 -2.8455806e-03  -3.9537826e-03  -1.5903227e-03 
 -5.0462569e-04  -1.3836160e-03  -9.1095352e-05 
mode:   67 freq=  408.2100 
  3.5815358e-04   2.8846506e-04  -4.8044444e-05 
  3.2213504e-04   8.7323802e-05   7.6095649e-05 
  3.0642116e-05  -1.7219955e-05   3.3036663e-04 
mode:   68 freq=  413.1800 
  1.2728707e-03  -3.6572752e-04  -1.1609093e-03 
 -5.5134281e-04   2.3332917e-03  -1.4054567e-03 
 -1.1218695e-03  -1.3003209e-03   9.4373562e-04 
mode:   69 freq=  416.2400 
  1.3094184e-03   7.6818981e-04  -1.8744615e-04 
  8.0383989e-04   3.1997930e-03   6.5199540e-04 
 -9.5024177e-05   6.9981039e-04  -2.1195833e-04 
mode:   70 freq=  429.0800 
  2.1812029e-04  -4.2589763e-05  -2.3932705e-04 
 -3.0855614e-05  -3.1159237e-04  -2.0766040e-04 
 -2.0317970e-04  -3.0330474e-04   3.0059011e-04 
mode:   71 freq=  438.0600 
  1.3319833e-03  -5.5163650e-04  -1.2956475e-03 
 -4.2360308e-04   1.1518132e-03   8.6660364e-05 
 -1.1388639e-03   6.4355918e-05  -8.0126222e-04 
mode:   72 freq=  438.3000 
  2.0285717e-03   2.7395515e-03   5.6814104e-04 
  2.6578441e-03   5.5718717e-03   1.3849540e-03 
  5.0180306e-04   1.3341019e-03   4.4905491e-04 
mode:   73 freq=  446.6600 
 -3.5160573e-04   7.8282263e-04   9.3488095e-04 
  7.8847037e-04  -1.4723630e-04  -7.4904369e-04 
  8.9944972e-04  -7.0124833e-04   2.0787399e-03 
mode:   74 freq=  455.2800 
  1.4761021e-03  -1.3044195e-03  -2.0029432e-03 
 -1.1534996e-03   6.3998787e-04   2.5350761e-04 
 -1.7844659e-03   1.7101507e-04  -1.8351178e-03 
mode:   75 freq=  460.7600 
  1.7832032e-03  -2.9095839e-04  -1.0690839e-03 
 -1.6116896e-04   3.2813217e-03   3.3159848e-04 
 -9.0659694e-04   4.5219937e-04  -8.0981866e-04 
mode:   76 freq=  468.5700 
 -8.7614088e-04   6.4357025e-05   6.5081897e-04 
  2.3300570e-04  -1.6485523e-03  -3.8086050e-04 
  7.3237964e-04  -5.1199410e-04   1.1057078e-03 
mode:   77 freq=  475.8100 
  1.2722311e-03  -1.5668050e-03  -1.7314082e-03 
 -1.2605052e-03   6.2136676e-04  -3.0268472e-04 
 -1.4794463e-03  -2.6939572e-04  -1.0110684e-03 
mode:   78 freq=  477.8100 
  1.3562026e-03   5.8579094e-04  -2.2175079e-04 
  6.9479696e-04   3.3071427e-03   3.7017302e-04 
 -1.0298133e-04   4.9879986e-04   4.5223446e-05 
mode:   79 freq=  485.2800 
  6.4415458e-04   1.4057398e-03   6.2858274e-04 
  1.5334219e-03   1.9313690e-03   7.5393814e-05 
  6.6410249e-04   4.3297352e-05   1.2725914e-03 
mode:   80 freq=  487.3300 
  1.2589187e-03   8.1675584e-04  -5.2368249e-04 
  8.3461955e-04   1.8903884e-03   9.0083557e-04 
 -4.6260012e-04   6.9878347e-04  -7.0829299e-04 
mode:   81 freq=  515.1000 
 -3.6629497e-04   1.4041215e-04   4.3456045e-04 
  1.1234020e-04  -3.8884392e-04   4.5385534e-04 
  4.3271642e-04   4.0916531e-04  -1.6395277e-04 
mode:   82 freq=  516.6300 
  4.2479762e-04   1.7578934e-04  -3.5988252e-04 
  1.9296408e-04   5.5938693e-04  -1.2377414e-04 
 -3.1511735e-04  -9.5085437e-05   1.1072024e-04 
mode:   83 freq=  526.0400 
  8.1598227e-04  -9.6934124e-04  -1.4460803e-03 
 -8.2787150e-04  -2.3465362e-05  -1.3937044e-04 
 -1.3492534e-03  -6.9577274e-05  -1.1613355e-03 
mode:   84 freq=  532.2400 
 -3.6954427e-04   8.5814960e-04   1.0071781e-03 
  7.1436779e-04   5.4289792e-04   3.8338987e-04 
  9.5953463e-04   3.7234393e-04   5.1030796e-04 
mode:   85 freq=  532.6500 
  4.3602885e-04  -2.9251409e-04  -7.4478863e-04 
 -2.0318416e-04  -4.8161273e-05  -7.5795034e-05 
 -6.6994543e-04  -7.0588653e-05  -3.4103941e-04 
mode:   86 freq=  533.5600 
  2.2260681e-03  -1.7933670e-03  -3.2350591e-03 
 -1.5896371e-03   1.3544951e-03  -8.4981800e-04 
 -3.0530572e-03  -8.9447071e-04  -1.4351889e-03 
mode:   87 freq=  559.3200 
 -1.7157497e-04   2.7125800e-04   4.1866364e-04 
  2.0697110e-04   1.6922740e-04   4.0095288e-04 
  3.6161657e-04   2.9782599e-04  -1.4087882e-04 
mode:   88 freq=  566.6000 
 -3.7539760e-04   1.3631748e-03   1.3540791e-03 
  1.2062824e-03   3.6189822e-04   3.7902229e-04 
  1.2631584e-03   5.4487569e-04   9.7347313e-04 
mode:   89 freq=  568.6600 
  1.4512342e-03  -1.2709353e-03  -2.1823308e-03 
 -1.1124292e-03   9.4666757e-04  -4.1879906e-04 
 -2.1196860e-03  -5.1791639e-04  -1.4953231e-03 
mode:   90 freq=  572.6700 
 -2.4518074e-04  -2.1450758e-04  -1.5638490e-04 
 -2.3271932e-04  -7.5184436e-04   2.7325175e-04 
 -1.0088720e-04   2.2708937e-04  -6.4291175e-04 
mode:   91 freq=  575.3300 
 -2.5897118e-05   2.6218592e-04   3.5926547e-05 
  2.1105727e-04  -1.0220649e-04  -1.5570074e-05 
  1.0022897e-05  -3.5488707e-05   1.4881752e-04 
mode:   92 freq=  585.6100 
  3.5757577e-04  -2.8910549e-04  -3.8154787e-04 
 -2.8959525e-04   3.0796862e-04   3.7108939e-05 
 -3.2907926e-04   1.1326700e-04  -3.4960846e-04 
mode:   93 freq=  588.2300 
 -2.3917938e-04   4.0699307e-04   3.0392811e-04 
  3.6228857e-04  -7.3529666e-04   2.0097221e-04 
  2.5674562e-04   3.2115704e-04  -2.3376477e-04 
mode:   94 freq=  619.1700 
  3.6409405e-05  -1.5474146e-04  -3.9850365e-04 
 -1.2394878e-04  -4.4423361e-04  -3.6211987e-06 
 -4.2858867e-04   1.9011165e-05  -5.1122544e-04 
mode:   95 freq=  631.5300 
 -4.2704370e-04  -7.0940235e-04  -1.0081287e-04 
 -6.8351871e-04  -1.1862111e-03   2.8500464e-04 
 -1.3370806e-04   2.4179810e-04  -7.3885814e-04 
mode:   96 freq=  633.2500 
  3.1856122e-04  -3.4511566e-04  -6.9964125e-04 
 -3.3889538e-04  -1.6967119e-04   6.8706186e-05 
 -6.4584206e-04   2.0299143e-04  -1.0438082e-03 
mode:   97 freq=  641.6900 
 -4.8952955e-04  -1.2036956e-04   9.3532857e-05 
 -8.7017875e-05  -9.6313657e-04   2.1613258e-04 
  6.9845014e-05   1.3658444e-04  -2.8117983e-04 
mode:   98 freq=  642.1700 
 -6.2500626e-04  -2.5100773e-04   3.3181383e-04 
 -3.0312699e-04  -1.2548704e-03   2.7553279e-04 
  3.0629826e-04   2.6986485e-04  -3.1007110e-04 
mode:   99 freq=  649.3300 
  3.7730301e-04  -1.1097275e-03  -1.3410918e-03 
 -1.0445446e-03  -1.1658809e-04   1.4346214e-04 
 -1.2259000e-03   2.7485042e-04  -1.9837435e-03 
mode:  100 freq=  655.5500 
 -7.4483233e-04  -1.4740953e-04   5.1921490e-04 
 -1.9348674e-04  -7.0920147e-04   2.2200556e-04 
  4.1146730e-04   8.5061761e-05   6.5576322e-05 
mode:  101 freq=  659.2600 
 -1.1982218e-03  -1.8315917e-04   1.3092668e-03 
 -2.3855505e-04  -9.6309245e-04   2.9451236e-04 
  1.1471137e-03   2.2452149e-04   4.6987495e-04 
mode:  102 freq=  661.0500 
  5.3525001e-05  -4.0303228e-04  -4.6533249e-04 
 -4.3474231e-04  -3.9781649e-04  -8.8728382e-05 
 -4.3216473e-04  -1.1893019e-04  -5.7592861e-04 
mode:  103 freq=  682.5000 
 -6.5547673e-04  -1.2787775e-04   8.3225018e-05 
 -9.9661729e-05  -1.7381388e-03   3.5003673e-04 
  3.7022542e-05   3.3887816e-04  -6.2739596e-04 
mode:  104 freq=  732.0500 
 -6.7134843e-05  -2.4951748e-04  -1.0598337e-04 
 -2.0450318e-04  -4.8359189e-04   3.5928603e-04 
 -5.6776566e-05   3.7943251e-04  -4.3316827e-04 
mode:  105 freq=  733.1200 
  2.4635602e-04  -8.7519279e-04  -8.8752001e-04 
 -9.2042665e-04  -3.0269970e-04  -3.1638565e-04 
 -9.0911433e-04  -3.8153833e-04  -7.2212396e-04 
mode:  106 freq=  752.5800 
 -1.1572155e-03  -4.8179257e-05   4.4628665e-04 
 -7.0853562e-05  -2.0981590e-03   5.3147747e-04 
  4.8583000e-04   5.5322993e-04  -7.1535691e-04 
mode:  107 freq=  756.5700 
 -1.0657441e-04   6.8575718e-05   1.1758374e-04 
  1.1430637e-04  -5.1468913e-04   4.6779736e-04 
  1.7622558e-04   5.5915177e-04  -3.2260732e-04 
mode:  108 freq=  762.2400 
 -2.5555413e-04  -8.1073800e-05   1.5047779e-04 
 -1.5591567e-04  -4.7554149e-04   1.0623613e-05 
  1.0857094e-04  -5.1589086e-05  -1.0952757e-04 
mode:  109 freq=  768.4700 
 -3.5803374e-04   8.2385822e-05  -5.4550919e-05 
  4.5401998e-05  -1.1506918e-03   1.7188017e-04 
 -1.5122293e-05   1.7294519e-04  -4.3350584e-04 
mode:  110 freq=  771.5400 
  4.4783124e-04  -3.3185076e-04  -5.2980898e-04 
 -2.6948927e-04   3.6294314e-04   1.3040377e-04 
 -4.5383989e-04   2.2662563e-04  -4.9912484e-04 
mode:  111 freq=  774.8400 
 -3.0641747e-04   6.8911242e-05   5.2904409e-04 
 -1.2982343e-04  -7.7459569e-05  -1.9442827e-04 
  4.0907646e-04  -3.0163450e-04   4.8490139e-04 
mode:  112 freq=  779.8900 
 -4.0546219e-04   2.8339884e-04  -1.5652277e-04 
  1.5843632e-04  -1.6804559e-03   3.3709606e-04 
 -5.0711259e-05   2.4265590e-04  -6.2785605e-04 
mode:  113 freq=  789.4900 
  8.3348981e-04  -1.5616457e-06  -3.6557088e-04 
  9.5166262e-05   1.9622796e-03  -3.7780783e-05 
 -2.8183149e-04   1.0670592e-04   9.8804176e-05 
mode:  114 freq=  792.3400 
  1.6965573e-04   2.9356246e-04  -2.9545015e-04 
  3.2211774e-04  -4.4639241e-04   2.3500532e-04 
 -2.3349316e-04   2.9349217e-04  -4.4227181e-04 
mode:  115 freq=  795.1900 
 -2.3465189e-04  -1.3125303e-04  -1.1419413e-05 
 -1.1912845e-04  -5.9967401e-04   5.5377298e-05 
 -1.0600319e-04   5.1258666e-05  -3.4936203e-04 
mode:  116 freq=  798.1300 
 -1.0578819e-03  -8.3548665e-04   2.7767929e-04 
 -8.7244794e-04  -1.8020693e-03   3.4538135e-04 
  2.8332929e-04   2.5513553e-04  -7.8051318e-04 
mode:  117 freq=  813.1400 
  5.1426165e-04   1.0315787e-03  -4.2119611e-05 
  1.0169780e-03   3.6044604e-04  -7.3986069e-05 
 -3.1852452e-05   2.5076620e-04   3.0233893e-04 
mode:  118 freq=  814.1300 
 -5.5306600e-04  -4.2137054e-04   1.6238430e-04 
 -3.9912111e-04  -8.6285938e-04  -1.5003935e-04 
 -3.3454578e-05  -7.2945017e-05  -3.6464899e-04 
mode:  119 freq=  818.4200 
 -1.1981663e-03  -9.4835169e-04   3.8589532e-04 
 -9.8368730e-04  -1.8777137e-03   2.0695578e-04 
  3.3093252e-04   1.8020661e-04  -7.3432602e-04 
mode:  120 freq=  822.4700 
  5.2911525e-04  -5.6557792e-04  -1.4151458e-03 
 -4.1841502e-04  -9.3067152e-04   1.7888763e-04 
 -1.3633746e-03   1.5231221e-04  -1.4803487e-03 
mode:  121 freq=  844.4200 
  4.4095239e-04  -2.9729443e-04  -9.2287076e-04 
 -1.7423327e-04  -2.5695782e-04  -7.6320939e-05 
 -9.7374173e-04  -5.4182198e-05  -7.8504334e-04 
mode:  122 freq=  850.8400 
 -1.2333327e-03  -1.5770161e-03  -1.3154144e-04 
 -1.5815253e-03  -2.5672410e-03   3.9090053e-04 
 -1.7207885e-04   1.9241194e-04  -1.4842792e-03 
mode:  123 freq=  856.1900 
  2.5947302e-04   1.0957393e-04  -3.3359356e-04 
  1.4417671e-04  -1.7582132e-04   1.0753130e-05 
 -2.8907109e-04   4.7883280e-06  -1.1223672e-04 
mode:  124 freq=  876.7200 
 -2.7079087e-04  -5.0461147e-04  -3.0334092e-04 
 -4.7295087e-04  -1.4249015e-03   4.7099453e-04 
 -2.7161459e-04   5.4311894e-04  -1.1921379e-03 
mode:  125 freq=  882.7300 
 -5.4119177e-04  -3.4259050e-04   2.2945020e-04 
 -3.4883256e-04  -2.1316813e-04  -4.8912932e-05 
  1.7400845e-04  -1.0641438e-04  -4.2349199e-05 
mode:  126 freq=  887.2700 
  8.1246415e-04   4.4403987e-05  -8.5096865e-04 
  1.2157441e-04   4.4348507e-04   1.6111456e-04 
 -8.2299943e-04   1.3762452e-04  -5.3878781e-04 
mode:  127 freq=  919.9800 
 -4.7020006e-04  -1.1576624e-04   1.6489947e-04 
 -1.5299328e-04  -8.4025070e-04   2.0968593e-04 
  1.4004023e-04   2.1705337e-04  -4.6017495e-04 
mode:  128 freq=  925.0500 
 -2.4921210e-04   2.7090857e-04   6.1943278e-04 
  1.8687170e-04   1.5695720e-03  -6.6060237e-04 
  5.8965589e-04  -6.7256552e-04   1.3457386e-03 
mode:  129 freq=  927.5800 
  1.5254839e-03  -5.0240304e-05  -1.3701716e-03 
  6.3828185e-05   1.3548863e-03   8.2809794e-05 
 -1.4322767e-03  -2.3466685e-05  -6.7721956e-04 
mode:  130 freq=  934.1900 
  6.8530125e-05   2.2805398e-04   1.6247244e-04 
  1.8727816e-04   1.0337395e-03  -4.6534340e-04 
  7.0774570e-05  -4.7521213e-04   4.1615511e-04 
mode:  131 freq=  936.6800 
  1.1464230e-04   3.1417946e-05   1.6834725e-04 
 -1.9865400e-05   1.4587601e-03  -3.9950188e-04 
  9.5563628e-05  -4.7065668e-04   8.0245914e-04 
mode:  132 freq=  937.0500 
  5.5091654e-04   1.5017109e-04  -5.6802108e-04 
  2.1610903e-04   4.8440734e-04  -9.7770447e-05 
 -5.5573753e-04  -1.0322700e-04  -6.7015785e-05 
mode:  133 freq=  938.0400 
 -8.7538257e-05  -3.2620023e-04  -2.2459313e-04 
 -3.0158274e-04  -5.6970184e-04   1.8880856e-04 
 -2.1936314e-04   2.0582942e-04  -7.1894511e-04 
mode:  134 freq=  938.2400 
 -8.6050938e-04   6.6484415e-04   1.2503956e-03 
  4.3846532e-04   9.4048805e-04  -3.4432872e-04 
  1.1612084e-03  -4.1010105e-04   1.4808101e-03 
mode:  135 freq=  948.1100 
  1.3642369e-03  -2.9524705e-06  -1.1897040e-03 
  1.0347227e-04   1.4481522e-03  -9.5346832e-05 
 -1.2121657e-03  -1.6195026e-04  -4.0687589e-04 
mode:  136 freq=  949.3300 
 -1.2960969e-04  -2.0357615e-05   2.4961320e-05 
 -2.9985012e-05   2.6732572e-04  -3.4288559e-04 
 -7.0679738e-05  -2.8252549e-04  -6.6806364e-06 
mode:  137 freq=  950.0800 
 -1.3106201e-03   4.2982872e-04   1.3408118e-03 
  2.8665468e-04  -3.1856898e-05  -4.1650041e-04 
  1.3775522e-03  -3.1011407e-04   1.3573832e-03 
mode:  138 freq=  961.7500 
 -1.2399844e-04   8.2243927e-05  -1.0727046e-04 
  8.3371001e-05  -7.6944158e-04   3.8576657e-05 
  6.8709512e-06   8.4218646e-05  -5.9786340e-05 
mode:  139 freq=  961.9500 
 -2.4770121e-04  -8.7223972e-04  -6.1078409e-04 
 -8.0328415e-04  -2.0438912e-03   7.1797052e-04 
 -6.4140878e-04   7.0403566e-04  -1.8899360e-03 
mode:  140 freq=  962.1300 
 -7.8627113e-04   2.0411721e-04   8.6749829e-04 
  7.2426890e-05   2.6274031e-04  -4.5055479e-04 
  8.3595079e-04  -4.1989188e-04   1.0893791e-03 
mode:  141 freq=  968.5500 
  1.6784111e-04   1.6691966e-04  -2.4479488e-04 
  1.4959317e-04  -2.4833102e-04   8.7506895e-05 
 -1.5394196e-04   1.0806196e-04  -2.6036802e-05 
mode:  142 freq=  970.6400 
  3.1615285e-04  -1.1685758e-03  -1.2772190e-03 
 -1.0644354e-03  -1.5710349e-03   7.8509654e-04 
 -1.3472139e-03   6.3520613e-04  -2.3267977e-03 
mode:  143 freq=  984.1800 
 -1.1625137e-03  -1.5070273e-04   8.3966355e-04 
 -2.2142127e-04  -6.7988344e-04  -5.1975387e-04 
  8.4294860e-04  -5.0835800e-04   7.7713523e-04 
mode:  144 freq=  989.8400 
 -6.2354160e-05   1.9795396e-04  -5.0972234e-05 
  1.5102240e-04  -2.4659284e-04   8.1087867e-05 
  1.8701950e-05   2.5446349e-05   9.1714958e-05 
mode:  145 freq=  990.7800 
 -4.3764549e-04  -7.4170521e-04  -3.7070975e-04 
 -6.8605375e-04  -2.2562556e-03   6.4862656e-04 
 -3.7115067e-04   7.5824325e-04  -1.7115395e-03 
mode:  146 freq= 1004.4300 
 -3.6463350e-04  -2.0468724e-04   2.4054555e-04 
 -2.5785576e-04   3.0983902e-04  -3.4845635e-04 
  1.8268290e-04  -5.0872909e-04   5.5182744e-04 
mode:  147 freq= 1014.2800 
 -8.8604824e-04   5.0916456e-04   8.5035352e-04 
  4.1963868e-04  -9.8347991e-04  -1.9047777e-04 
  1.0198454e-03  -8.2254871e-05   8.0109348e-04 
mode:  148 freq= 1018.3800 
 -2.8223135e-04  -1.3183195e-03  -9.5713732e-04 
 -1.1639467e-03  -2.9085736e-03   8.5587160e-04 
 -9.5835292e-04   9.3079031e-04  -2.6642016e-03 
mode:  149 freq= 1022.7000 
 -9.2093325e-04  -1.6125683e-04   6.5472013e-04 
 -2.2555523e-04  -6.2269909e-04  -3.1392115e-04 
  6.5597808e-04  -2.0577050e-04   4.2386196e-04 
mode:  150 freq= 1026.6800 
 -2.5769600e-04   1.0674619e-04  -3.2258968e-05 
  1.0486489e-04  -1.1006119e-03   2.0693669e-04 
  4.2893656e-05   2.4489448e-04  -2.8750241e-04 
mode:  151 freq= 1027.9300 
 -6.9036230e-04  -6.7079089e-04  -1.7077020e-04 
 -6.4876077e-04  -2.5920831e-03   7.7195106e-04 
 -1.7728192e-04   8.2129591e-04  -1.7749838e-03 
mode:  152 freq= 1031.6200 
 -2.3985442e-04   4.2317925e-05   3.4639165e-04 
 -6.5922476e-06   4.7467948e-04  -3.0600377e-05 
  2.4444495e-04  -6.9236951e-05   2.1591215e-04 
mode:  153 freq= 1037.3000 
  2.1752240e-04   2.9271708e-06  -4.5220082e-04 
  4.7480431e-05  -5.0668580e-04   7.0989367e-05 
 -4.1926677e-04   1.7456935e-04  -5.9657885e-04 
mode:  154 freq= 1039.7600 
 -8.3607165e-04  -9.4592564e-05   4.3036587e-04 
 -1.4237447e-04  -1.8183519e-03   3.4563800e-04 
  4.2571371e-04   5.4094737e-04  -7.7506647e-04 
mode:  155 freq= 1041.7000 
  3.4816897e-04  -3.0987421e-04  -3.7190845e-04 
 -2.7641005e-04   8.1450312e-04  -5.8156427e-06 
 -5.2041953e-04  -3.0152897e-05  -5.4638893e-04 
mode:  156 freq= 1042.3200 
  1.8778663e-04  -4.2756266e-05  -4.5271345e-04 
 -2.4840911e-05  -5.9452621e-04  -2.7462739e-04 
 -3.8364159e-04  -3.8726124e-05  -2.2973764e-04 
mode:  157 freq= 1046.2200 
 -6.1859959e-04  -1.1653408e-03  -6.9177630e-04 
 -1.0842136e-03  -3.4638149e-03   1.1583236e-03 
 -7.0348541e-04   1.1891103e-03  -2.8748878e-03 
mode:  158 freq= 1046.5400 
 -1.4032178e-04  -4.8535748e-04  -2.2956998e-04 
 -4.7125287e-04  -4.3255084e-04   3.3615188e-04 
 -3.3679467e-04   2.9840589e-04  -9.4251352e-04 
mode:  159 freq= 1053.3000 
  6.2047885e-04  -3.0066752e-04  -9.2283742e-04 
 -2.1356546e-04  -3.7452823e-05  -2.0638659e-04 
 -8.2645654e-04  -1.4934803e-04  -3.1246802e-04 
mode:  160 freq= 1055.3500 
 -1.1990698e-03  -6.0463690e-04   2.3791728e-04 
 -6.3779774e-04  -3.5300938e-03   1.1502351e-03 
  2.2994928e-04   1.1755863e-03  -2.0011792e-03 
mode:  161 freq= 1060.6600 
  2.4800299e-04   1.7862536e-04   8.7831985e-05 
  1.8522797e-04   1.7298824e-03  -5.3601183e-04 
 -2.2035870e-05  -5.3171888e-04   7.0787248e-04 
mode:  162 freq= 1061.9900 
  1.3930799e-04   1.7390068e-06  -4.5763482e-04 
  6.7620515e-05  -6.0112160e-04   2.7771196e-04 
 -4.1076694e-04   3.3899788e-04  -8.1793965e-04 
mode:  163 freq= 1068.8200 
 -3.4204913e-04  -2.1827584e-04   1.4133771e-04 
 -2.2785745e-04  -4.5993012e-04   1.8361687e-04 
  1.4134839e-04   2.0991910e-04  -3.6987130e-04 
mode:  164 freq= 1081.4500 
 -5.3352362e-04  -2.9417455e-04   7.0223044e-05 
 -3.2275380e-04  -1.2075533e-03   3.0252665e-04 
  3.7904508e-05   3.4871469e-04  -6.9798281e-04 
mode:  165 freq= 1088.3100 
  1.5919448e-04   2.1315727e-04  -3.2709613e-04 
  2.1675019e-04  -8.8394278e-04   4.4711280e-04 
 -3.6360147e-04   4.9730568e-04  -9.4042631e-04 
mode:  166 freq= 1089.8400 
 -1.1035453e-03   4.2227427e-04   1.1663332e-03 
  3.7320136e-04  -8.3249569e-04   1.4466483e-04 
  1.0728609e-03   2.0022535e-04   3.0023975e-04 
mode:  167 freq= 1095.2500 
 -1.3647396e-04  -7.5007800e-04  -5.4529549e-04 
 -7.2371681e-04  -8.2232600e-04   2.1621991e-04 
 -4.8114934e-04   2.5183910e-04  -9.6407891e-04 
mode:  168 freq= 1098.1800 
  5.5511051e-04  -1.4806246e-04  -9.2369890e-04 
 -1.2122683e-04  -5.6637979e-04   4.3872278e-04 
 -8.6570643e-04   5.7528138e-04  -1.3706967e-03 
mode:  169 freq= 1115.9400 
 -8.2608771e-04   1.7278066e-04   9.0909369e-04 
  1.3429611e-04  -4.5742517e-04   2.4002088e-05 
  8.2762668e-04  -2.7525834e-05   3.6337799e-04 
mode:  170 freq= 1117.9500 
 -6.0896157e-04   6.5298223e-05   5.0174797e-04 
 -7.7692227e-05  -1.1782032e-03   3.3190112e-04 
  3.5660274e-04   3.7923138e-04  -5.0152213e-04 
mode:  171 freq= 1122.5500 
 -5.2891108e-05   2.0336950e-05  -1.3952130e-04 
  3.0244398e-05  -5.5923081e-04   1.5686595e-04 
 -1.2194582e-04   1.7880400e-04  -3.3142005e-04 
mode:  172 freq= 1136.3200 
 -2.4019787e-04  -3.0651462e-04   2.7177512e-05 
 -2.9443186e-04  -2.4875721e-04   9.0799539e-05 
  5.4856232e-06   1.0051649e-04  -3.2920667e-04 
mode:  173 freq= 1139.5200 
  1.9248589e-04  -5.0990700e-04  -6.1741734e-04 
 -5.1857043e-04  -4.6566974e-04   1.0208630e-04 
 -6.3504350e-04   1.3039242e-04  -7.9623517e-04 
mode:  174 freq= 1145.4600 
 -1.1073784e-04   3.2594456e-04   3.2252163e-04 
  2.9443607e-04   8.7125599e-07  -3.3537311e-05 
  3.1534118e-04  -3.4194481e-05   5.0150124e-04 
mode:  175 freq= 1149.6200 
 -5.1591567e-04  -1.6626411e-04   6.4751293e-04 
 -2.0833250e-04   1.7740773e-04  -6.2954844e-05 
  5.7192402e-04  -1.0184339e-04   5.0106348e-04 
mode:  176 freq= 1155.9900 
  3.8508768e-04  -1.7539975e-04  -4.2844863e-04 
 -2.5003759e-04   1.4767378e-04  -2.1599886e-04 
 -4.6497463e-04  -1.1989510e-04  -6.3957648e-05 
mode:  177 freq= 1173.6300 
 -3.1994973e-04   6.5899444e-04   6.2498964e-04 
  6.5119564e-04  -3.8240644e-04   1.4743716e-05 
  6.5267779e-04  -8.8377492e-06   8.8706886e-04 
mode:  178 freq= 1178.5600 
 -5.2650493e-04  -3.2206056e-04   7.3693880e-04 
 -3.4502536e-04   8.8614302e-04  -1.6229663e-04 
  7.1554903e-04  -1.6088034e-04   8.7099925e-04 
mode:  179 freq= 1183.9300 
  2.7826041e-04  -1.1594419e-04  -2.7124696e-04 
 -2.1893473e-04   2.1292479e-04  -2.4964543e-04 
 -2.9303263e-04  -1.3081549e-04   2.6338489e-04 
mode:  180 freq= 1186.5300 
  1.5159244e-05   8.5168159e-05   1.8968896e-04 
  5.2950332e-05   4.2280791e-04  -1.1230788e-04 
  1.7696161e-04  -1.1793654e-04   4.7799011e-04 
mode:  181 freq= 1188.5700 
 -1.2299866e-04  -3.6827372e-04   1.5585945e-04 
 -3.8960287e-04   5.4948034e-04  -2.4971218e-04 
  1.2332014e-04  -2.9055681e-04   3.6214728e-04 
mode:  182 freq= 1196.2300 
  9.5593138e-04  -4.0438641e-04  -9.3936870e-04 
 -4.0831890e-04   8.9637037e-04  -4.5560591e-04 
 -9.7234671e-04  -3.8245843e-04  -5.6408176e-05 
mode:  183 freq= 1210.2700 
  1.5700125e-04  -1.7093327e-04  -1.5260933e-05 
 -1.2373464e-04   9.0874026e-04  -2.8465089e-04 
  7.7605747e-05  -2.5525966e-04   6.1671314e-04 
mode:  184 freq= 1215.7500 
 -1.4318706e-04  -5.7449907e-04   2.8103625e-07 
 -6.4760616e-04   4.6582986e-04  -2.7326941e-04 
 -3.5675846e-05  -3.2206005e-04   2.6148433e-04 
mode:  185 freq= 1217.6100 
  1.4640968e-03  -7.2836573e-04  -1.6479765e-03 
 -6.8844733e-04   1.4558255e-03  -7.4597694e-04 
 -1.5241781e-03  -6.4712799e-04  -1.1828002e-04 
mode:  186 freq= 1219.3400 
 -1.6677858e-04   1.7325209e-04   4.6196979e-04 
  1.3745361e-04   2.7587863e-04  -3.4109807e-05 
  4.3264495e-04  -8.1298029e-05   6.2532138e-04 
mode:  187 freq= 1223.8100 
  2.7605480e-04  -4.5307701e-04  -3.5504449e-04 
 -4.3645363e-04   6.5991186e-04  -2.5228588e-04 
 -2.9836731e-04  -2.5173244e-04  -3.9882433e-05 
mode:  188 freq= 1232.2100 
  1.1639782e-03  -3.3442879e-04  -9.8738710e-04 
 -3.1647026e-04   1.4080490e-03  -4.7268290e-04 
 -9.9691467e-04  -4.0680115e-04   1.5838324e-05 
mode:  189 freq= 1233.6700 
 -3.2640533e-04   1.0664987e-04   3.8975496e-04 
  1.0831747e-04  -3.1373452e-04  -5.7008023e-05 
  4.6054373e-04  -1.3248094e-04   6.3313416e-04 
mode:  190 freq= 1243.2700 
  5.3050270e-04  -5.5883132e-04  -7.0232200e-04 
 -5.4622282e-04   7.9220495e-04  -3.2866681e-04 
 -6.0049397e-04  -3.5694712e-04  -7.5983110e-05 
mode:  191 freq= 1259.3800 
  2.1709337e-03  -9.4346637e-04  -1.8673560e-03 
 -7.9904692e-04   3.2917009e-03  -8.6655890e-04 
 -1.7825038e-03  -7.9208216e-04   1.6211257e-04 
mode:  192 freq= 1259.7300 
  1.9272076e-04  -4.4536222e-04  -3.9195389e-04 
 -4.4186567e-04   2.4890269e-04  -3.9701010e-04 
 -3.9500006e-04  -4.3506838e-04   1.0998420e-04 
mode:  193 freq= 1262.9900 
  7.2233797e-04  -4.0056341e-04  -9.5068440e-04 
 -3.7306042e-04   6.3498385e-04  -3.9920660e-04 
 -8.8810626e-04  -3.1480907e-04  -1.7133981e-04 
mode:  194 freq= 1264.6700 
  1.5756753e-04   2.4927502e-04   9.3914938e-05 
  2.4044803e-04   4.1892632e-04   4.0958748e-05 
  8.9404787e-05   7.6573746e-06   1.4602311e-04 
mode:  195 freq= 1268.5800 
  3.3755191e-04  -4.5449998e-04  -4.4781804e-04 
 -4.6290492e-04   4.8283404e-04  -6.1380007e-04 
 -4.1764919e-04  -6.5962668e-04   5.2860827e-04 
mode:  196 freq= 1280.6000 
  9.0336692e-04  -5.3112920e-04  -1.1290770e-03 
 -5.2051870e-04   9.4889959e-04  -8.3025864e-04 
 -1.1197409e-03  -7.3451889e-04   2.8361630e-04 
mode:  197 freq= 1289.8300 
  2.1012602e-04   2.5275733e-04   1.5646688e-04 
  2.9364833e-04   5.9358929e-04   9.9216700e-05 
  1.7314604e-04   2.5211709e-05   2.4114035e-04 
mode:  198 freq= 1297.6600 
  2.0106783e-04  -2.2282195e-04  -2.1261339e-04 
 -1.8259637e-04   5.1855853e-04  -2.8659576e-04 
 -2.3247611e-04  -2.9541385e-04   1.3441134e-04 
mode:  199 freq= 1298.0200 
  6.9287187e-04  -3.4765328e-04  -9.6474472e-04 
 -3.3773226e-04   6.2921281e-04  -3.0437819e-04 
 -9.1913217e-04  -2.5966554e-04  -4.2219558e-04 
mode:  200 freq= 1306.8000 
  1.2788919e-04   1.9937066e-04   3.3053657e-05 
  1.7211967e-04   2.3817865e-04   7.8197523e-07 
  4.9547263e-05  -4.8668482e-06   1.2350884e-04 
mode:  201 freq= 1316.3400 
  1.5527843e-04  -1.1876802e-04  -8.7960245e-05 
 -8.9413124e-05   5.2781930e-04  -2.4854916e-04 
 -1.4028551e-04  -2.7916025e-04   1.9508835e-04 
mode:  202 freq= 1320.4900 
  9.5207228e-04  -2.2232617e-04  -1.1193200e-03 
 -2.9961216e-04   9.0840321e-04  -5.7503992e-04 
 -1.1369092e-03  -5.3975606e-04  -1.7877847e-04 
mode:  203 freq= 1325.1700 
  3.4862741e-04   8.1420324e-05  -3.4312609e-04 
 -2.8222761e-05   2.6703924e-04  -1.6331717e-04 
 -2.1082529e-04  -1.7949635e-04   1.3417921e-04 
mode:  204 freq= 1348.0600 
  2.4225162e-04  -2.7390600e-05  -4.2163134e-05 
  2.3150793e-05   7.9952891e-04  -3.1520228e-04 
 -8.4626726e-05  -3.5046538e-04   3.7508474e-04 
mode:  205 freq= 1351.2100 
  6.4438882e-04  -2.4004082e-04  -6.6302762e-04 
 -2.3891181e-04   1.0048938e-03  -5.0259761e-04 
 -5.9384509e-04  -5.2252184e-04   2.8239342e-04 
mode:  206 freq= 1352.4200 
  5.3015714e-05   3.5019347e-04   2.3604240e-04 
  3.4687043e-04   2.4830971e-04   1.5274843e-04 
  2.2280768e-04   1.6815643e-04   9.6822343e-05 
mode:  207 freq= 1356.9600 
  2.6097624e-05   1.3558950e-05   1.8040287e-04 
  1.0226339e-06   7.2879075e-04  -3.0844668e-04 
  1.3471477e-04  -2.5975736e-04   4.3879395e-04 
mode:  208 freq= 1379.3700 
  7.7434229e-04   7.8170136e-05  -3.5881458e-04 
  4.3388350e-05   1.6798136e-03  -8.7044951e-04 
 -3.5305603e-04  -1.0002738e-03   1.2740301e-03 
mode:  209 freq= 1383.4400 
 -8.8602926e-05   1.9352830e-04   1.6185827e-04 
  2.1487797e-04  -1.5263637e-05   2.9553812e-04 
  1.7528898e-04   3.2826998e-04  -2.8411595e-04 
mode:  210 freq= 1384.1500 
  1.8271207e-04  -1.1940348e-04  -2.7873717e-05 
 -7.9016399e-05   6.8029492e-04  -2.8159799e-04 
 -4.6366531e-05  -3.0757312e-04   2.9094522e-04 
mode:  211 freq= 1385.0000 
  3.2415326e-04  -2.3355178e-04  -4.3967784e-04 
 -2.3353642e-04   3.4721098e-04  -1.2623866e-04 
 -3.7224260e-04  -1.1921300e-04  -1.9493489e-04 
mode:  212 freq= 1388.5000 
  1.6581563e-04   2.9952183e-04   7.8692259e-05 
  2.8191720e-04   3.3548215e-04  -1.0973098e-05 
  5.2582822e-05  -1.6168563e-05   2.0712920e-04 
mode:  213 freq= 1388.9800 
  1.3808366e-04  -2.1101650e-04  -1.1506214e-04 
 -2.0053931e-04   2.9690390e-04  -2.3168829e-04 
 -1.4430712e-04  -2.4900381e-04   1.2363793e-04 
mode:  214 freq= 1389.7500 
  3.5733530e-04  -1.5720130e-04  -4.1413115e-04 
 -1.2006179e-04   4.6784321e-05   1.7342407e-04 
 -3.6806194e-04   2.2755937e-04  -5.4162612e-04 
mode:  215 freq= 1394.0600 
  1.7389965e-04   2.4476183e-04   3.2148007e-05 
  2.1555310e-04   5.3809258e-04  -1.2594775e-04 
  4.7898785e-05  -1.4615924e-04   3.0621758e-04 
mode:  216 freq= 1395.2400 
  2.0560926e-04  -1.0592468e-04  -3.1557447e-05 
 -8.7371910e-05   5.0828009e-04  -2.9605993e-04 
 -5.8052418e-05  -3.1447028e-04   3.8019714e-04 
mode:  217 freq= 1402.0800 
  4.1467156e-04  -4.8599785e-05  -2.4640062e-04 
 -4.1245061e-05   4.0343802e-04  -1.8311805e-04 
 -2.1299665e-04  -1.6927231e-04   2.5703134e-04 
mode:  218 freq= 1406.0000 
  3.5332659e-05   6.4935399e-05  -7.1028677e-05 
  3.5012518e-05   6.3539516e-05   1.0070668e-05 
 -6.9345000e-05   3.6235100e-06  -1.1655860e-04 
mode:  219 freq= 1407.0500 
  3.0276757e-04  -6.1867947e-05  -1.8129791e-04 
 -4.6930339e-05   5.0728289e-04  -3.4381308e-04 
 -2.2559704e-04  -3.6561733e-04   3.4051647e-04 
mode:  220 freq= 1409.0400 
  7.8360546e-04   4.5717534e-04  -2.6242368e-04 
  4.7663145e-04   8.7369307e-04  -2.2349769e-04 
 -2.5030299e-04  -1.8175828e-04   6.2651133e-04 
mode:  221 freq= 1414.5100 
 -1.8207088e-04   4.9860843e-05   2.3602915e-04 
  2.7336599e-05   2.9107699e-05   3.6809966e-05 
  2.3848027e-04  -3.6412910e-05   1.0488670e-04 
mode:  222 freq= 1419.7300 
  1.9602038e-04   1.3641232e-04   2.4660312e-04 
  1.4805937e-04   1.0230936e-03  -2.9416984e-04 
  1.7988283e-04  -3.0660010e-04   6.7707059e-04 
mode:  223 freq= 1420.7000 
  2.4212315e-04   6.0943551e-04   6.8207414e-04 
  5.4488845e-04   1.4417382e-03  -2.0357766e-04 
  6.1155527e-04  -2.1364448e-04   1.2336714e-03 
mode:  224 freq= 1422.3800 
  4.0258519e-05   8.4597272e-05  -1.3199365e-04 
  1.2532533e-04  -1.6217626e-04   8.3936105e-05 
 -7.6474430e-05   5.0166406e-05  -1.8967289e-04 
mode:  225 freq= 1433.2100 
  1.9514484e-04  -4.8794314e-05   5.9605661e-05 
 -5.6654806e-06   7.1296042e-04  -2.5342197e-04 
  3.1567438e-05  -2.8349090e-04   4.5768127e-04 
mode:  226 freq= 1437.7600 
  4.0607067e-04  -1.1613719e-04  -1.7774842e-04 
 -8.1963938e-05   9.2071945e-04  -1.4123770e-04 
 -1.0286886e-04  -1.2755844e-04   3.3079125e-04 
mode:  227 freq= 1444.5100 
 -1.6177381e-04   1.8331346e-04   9.3503997e-05 
  1.6636809e-04  -2.8847040e-04   8.8686059e-05 
  1.0396657e-04   5.9104706e-05  -1.4405920e-04 
mode:  228 freq= 1444.6100 
 -9.3274283e-05  -4.6745241e-05   2.9593378e-04 
 -3.3776694e-05   4.0500725e-04  -2.0300406e-04 
  2.5829610e-04  -2.4234566e-04   4.3792753e-04 
mode:  229 freq= 1445.3500 
 -6.1772000e-06   1.5883083e-04   5.4775484e-04 
  1.4778919e-04   8.4082229e-04   1.1182777e-04 
  5.2869351e-04   1.0640979e-04   4.3230494e-04 
mode:  230 freq= 1449.3900 
  6.4974433e-05   6.5775687e-05  -2.2413352e-04 
  7.2424509e-05  -1.9446311e-04   2.5225782e-05 
 -1.5411445e-04   2.1010914e-05  -1.6151738e-04 
mode:  231 freq= 1449.9000 
 -2.9364606e-04  -2.5746153e-04   2.4236643e-04 
 -2.0765607e-04   8.9753589e-05   8.4453262e-05 
  2.4103092e-04   1.0007056e-04  -1.4406190e-04 
mode:  232 freq= 1452.1200 
 -1.5701543e-04  -1.7097243e-04   3.8258887e-04 
 -1.6128647e-04   9.2117096e-04   1.8700823e-04 
  4.3094123e-04   1.6165596e-04   2.3913710e-05 
mode:  233 freq= 1452.1600 
  1.8166712e-04   5.3669557e-04   1.4136263e-04 
  5.4927690e-04   2.4640139e-04   4.1327624e-05 
  1.4894896e-04   7.8441239e-05   3.0186080e-04 
mode:  234 freq= 1453.7900 
 -6.3017781e-05  -5.8787015e-04  -1.2695345e-04 
 -5.6246384e-04   8.2517989e-04  -6.9569035e-05 
  1.3720933e-05  -1.6100460e-05  -2.8526128e-04 
mode:  235 freq= 1454.2600 
 -2.6304852e-05  -9.0127277e-04  -2.8457474e-04 
 -8.6522466e-04   8.8176714e-04   1.5267187e-04 
 -1.1737860e-04   1.1528142e-04  -6.8219895e-04 
mode:  236 freq= 1455.8700 
  4.4185631e-04   7.2625897e-04   1.5913709e-04 
  6.8015456e-04   1.1904182e-03  -1.4004783e-04 
  1.9643413e-04  -1.5592673e-05   6.6709271e-04 
mode:  237 freq= 1456.9200 
 -3.5027238e-04  -6.6240215e-05   2.8767910e-04 
 -5.3356724e-05  -2.0560443e-04   1.4889748e-04 
  2.8332967e-04   1.7292446e-04  -1.1773939e-04 
mode:  238 freq= 1458.7000 
 -6.1856999e-05  -1.9216101e-04   1.0585818e-04 
 -2.0010832e-04   4.7389252e-04   1.0780086e-04 
  2.1477576e-04   1.1986339e-04  -1.6253834e-04 
mode:  239 freq= 1461.5500 
 -6.5834092e-05   4.6456364e-04   2.6050411e-04 
  4.2835937e-04  -6.0811337e-05  -5.2055268e-05 
  2.6539255e-04  -9.3184936e-05   3.8185136e-04 
mode:  240 freq= 1464.0900 
 -4.5052385e-05   3.3896066e-04   2.7083808e-05 
  3.0318777e-04  -6.5798467e-04   1.6748373e-05 
 -2.1124079e-06   1.5108996e-05   5.7842048e-05 
mode:  241 freq= 1475.5500 
 -5.3359572e-04   3.8911993e-05   3.7757653e-04 
  2.8523879e-05  -4.1307480e-04   7.8875937e-05 
  3.6704267e-04   7.2387017e-05   1.3724452e-06 
mode:  242 freq= 1477.6400 
 -5.9697655e-04   4.8524411e-04   6.9671046e-04 
  4.5474004e-04  -5.9253604e-04   1.1782062e-04 
  6.3920143e-04   7.3229298e-05   4.1022528e-04 
mode:  243 freq= 1479.9800 
  8.9606212e-04   8.6595475e-04  -6.6110455e-04 
  7.6218201e-04  -2.1078453e-04  -2.0552022e-04 
 -6.6680628e-04  -1.9496125e-04   3.0576571e-04 
mode:  244 freq= 1481.6700 
 -7.3317434e-04   1.7862032e-04   6.3113013e-04 
  2.1546868e-04  -5.8235025e-04   1.2096685e-04 
  5.6286339e-04   1.6710805e-04   1.0386632e-04 
mode:  245 freq= 1484.3400 
 -1.2512326e-03   3.6125389e-04   1.4305045e-03 
  4.2858740e-04  -5.9030507e-04   1.9192447e-04 
  1.3374214e-03   2.0598236e-04   6.9602511e-04 
mode:  246 freq= 1484.5900 
  1.3564828e-03   1.3633949e-03  -7.8369606e-04 
  1.2675599e-03  -1.9579747e-04  -2.6135599e-04 
 -8.5613969e-04  -2.3145568e-04   6.6750132e-04 
mode:  247 freq= 1486.0300 
 -1.1175966e-03   7.4919357e-05   8.7179919e-04 
  1.1411703e-04  -7.4225195e-04   1.7172503e-04 
  8.2803648e-04   1.9491630e-04   4.6534573e-05 
mode:  248 freq= 1490.5700 
 -1.4025884e-03   3.6302375e-04   1.8573285e-03 
  4.8116264e-04   1.1039811e-04   2.0721625e-04 
  1.7528811e-03   2.8021621e-04   1.0626357e-03 
mode:  249 freq= 1491.3400 
  1.1684443e-03   9.6955839e-04  -6.8752922e-04 
  8.7942494e-04   5.0743025e-04  -3.1204611e-04 
 -7.0683816e-04  -2.9407314e-04   5.0451623e-04 
mode:  250 freq= 1493.7700 
 -1.0732418e-03   7.2092184e-04   1.0785866e-03 
  7.1077126e-04  -1.5480576e-03   1.7431808e-04 
  9.3147103e-04   1.4917721e-04   5.0581410e-04 
mode:  251 freq= 1495.1300 
 -1.4249947e-03   1.7511868e-04   1.2839675e-03 
  2.7058123e-04  -1.3054323e-03   3.7659173e-04 
  1.1957606e-03   4.2017200e-04   1.8449281e-04 
mode:  252 freq= 1496.9300 
  1.7453556e-03   1.5889233e-03  -8.0869259e-04 
  1.4789826e-03   6.9018776e-04  -5.0528091e-04 
 -9.2634286e-04  -5.6591817e-04   1.1426487e-03 
mode:  253 freq= 1503.0000 
 -1.4383700e-03   7.7309463e-04   1.3534625e-03 
  7.4366153e-04  -2.1618021e-03   2.7596933e-04 
  1.1650344e-03   2.1492517e-04   5.5333553e-04 
mode:  254 freq= 1514.6700 
 -1.9370081e-03   5.0436440e-05   1.6080695e-03 
  1.2611612e-04  -1.7212285e-03   4.8780309e-04 
  1.5450948e-03   4.7062529e-04   1.4626881e-04 
mode:  255 freq= 1516.4100 
  5.3786570e-04  -1.6762508e-04  -7.1786310e-04 
 -1.6990551e-04   3.9512228e-04  -1.3969084e-04 
 -6.4257945e-04  -5.2021153e-05  -3.9449940e-04 
mode:  256 freq= 1519.1600 
 -8.4090981e-04   1.0518748e-03   1.0592876e-03 
  1.0047285e-03  -1.4301292e-03   5.0991347e-05 
  9.0822394e-04  -3.9665641e-06   8.8057700e-04 
mode:  257 freq= 1522.9200 
 -8.9629447e-04   7.9520716e-04   1.2625511e-03 
  8.3074113e-04  -8.2009109e-04   3.1146253e-04 
  1.1962824e-03   2.7620662e-04   7.0700497e-04 
mode:  258 freq= 1544.1300 
  8.0556896e-04  -6.9747453e-04  -1.3135003e-03 
 -6.3723330e-04   4.4248901e-04  -2.2546387e-04 
 -1.2404461e-03  -8.3643049e-05  -9.4094527e-04 
mode:  259 freq= 1554.7500 
 -1.0422024e-03   1.5059175e-03   1.2464971e-03 
  1.4811380e-03  -2.2659583e-03   1.4041729e-04 
  1.0296046e-03  -1.8798872e-06   9.4649455e-04 
mode:  260 freq= 1594.7300 
 -6.9859988e-04   1.1391202e-03   1.4049548e-03 
  1.0745290e-03  -4.1864898e-04   3.1452584e-04 
  1.3692744e-03   1.9544345e-04   1.0905616e-03 
mode:  261 freq= 1661.3700 
 -7.7883578e-05  -3.7489773e-04   3.7344517e-05 
 -3.6778560e-04   4.7817401e-04   1.6866735e-05 
  6.5061194e-05   6.7352396e-05  -1.6834151e-04 
mode:  262 freq= 1668.0300 
 -5.2300926e-04   7.9545704e-04   6.4367224e-04 
  7.1343359e-04  -1.0915943e-03   3.9831573e-05 
  5.4331845e-04  -2.1283856e-06   5.7287100e-04 
mode:  263 freq= 1669.4000 
 -2.1366082e-04   6.1813841e-04   3.9459529e-04 
  5.6339803e-04  -5.8723952e-04   1.7311897e-04 
  3.6144691e-04   1.1930431e-04   3.3397271e-04 
mode:  264 freq= 1672.5400 
 -4.3170089e-04  -8.6107823e-04   1.8321023e-04 
 -8.0617505e-04   5.1769965e-04   1.5915267e-04 
  1.7775196e-04   2.5710749e-04  -5.4832146e-04 
mode:  265 freq= 1675.0700 
 -2.9873463e-04   9.0318858e-04   4.6563252e-04 
  7.9907641e-04  -1.1124272e-03  -2.8609204e-05 
  3.8284426e-04  -9.0761099e-05   6.2865739e-04 
mode:  266 freq= 1682.7200 
  2.6717242e-04   8.6220856e-04   3.3484913e-06 
  7.2474808e-04  -3.9775742e-04   1.8857450e-04 
 -3.1446139e-05   1.0423725e-04   2.9190276e-04 
mode:  267 freq= 1684.2500 
 -2.1099622e-04  -1.0330871e-04   2.2300935e-04 
 -8.4286052e-05  -5.8240200e-05   1.3571324e-04 
  2.2811060e-04   1.3612907e-04  -6.5784058e-05 
mode:  268 freq= 1690.1400 
 -4.4760356e-04   2.6584062e-04   3.1579963e-04 
  2.3044477e-04  -7.1487805e-04   3.5093206e-05 
  2.6843734e-04   2.8598339e-05   8.5219579e-05 
mode:  269 freq= 1690.4200 
 -2.6426254e-04   5.6939593e-04   4.0000447e-04 
  5.1084989e-04  -4.8990400e-04   1.3266397e-04 
  3.6911821e-04   8.4772192e-05   2.5034589e-04 
mode:  270 freq= 1699.6800 
 -5.1923872e-04  -2.1860398e-04   2.6302692e-04 
 -2.1694274e-04  -6.8810287e-04   3.3865667e-04 
  2.6171292e-04   3.3196148e-04  -5.1021889e-04 
mode:  271 freq= 1730.2700 
 -2.3560476e-04   2.0779360e-04   3.3936698e-04 
  1.8392765e-04   6.6618896e-05   1.1309567e-05 
  3.3300619e-04  -1.0674596e-05   2.2373399e-04 
mode:  272 freq= 3009.0500 
  4.0682134e-05   3.9059987e-04   3.1177524e-04 
  3.7817543e-04   3.3870237e-04  -3.7320251e-06 
  3.0671242e-04  -2.7688623e-05   4.1595543e-04 
mode:  273 freq= 3041.9000 
 -3.1888407e-04  -4.7064256e-04  -1.5643097e-04 
 -4.7051788e-04  -6.5746439e-04   3.5311148e-04 
 -1.2427506e-04   3.7592739e-04  -8.7651028e-04 
mode:  274 freq= 3042.5900 
 -1.3745242e-04   9.5235146e-05  -8.7749368e-05 
  4.8714761e-05  -6.0812393e-04   2.3206400e-04 
 -1.0725138e-04   1.9567515e-04  -3.5788300e-04 
mode:  275 freq= 3060.1400 
  1.5852274e-04   1.6060051e-04   2.2976034e-04 
  1.8695538e-04   9.1491678e-04  -9.9632190e-05 
  2.6496400e-04  -7.5990969e-05   4.1661033e-04 
mode:  276 freq= 3060.1500 
 -3.3506212e-04  -5.3310107e-04  -2.5890714e-04 
 -5.6790045e-04  -7.3870778e-04   4.4471179e-04 
 -1.9704156e-04   4.7910541e-04  -1.1746168e-03 
mode:  277 freq= 3061.7300 
 -1.0242960e-04  -1.4585369e-04  -2.7293405e-04 
 -1.7974359e-04  -4.0278600e-04   2.1957111e-04 
 -2.1707766e-04   2.0603101e-04  -6.2980490e-04 
mode:  278 freq= 3068.3600 
  2.0902928e-04  -7.2508311e-05   1.0368471e-04 
  5.6600694e-07   1.2373586e-03  -1.9507701e-04 
  2.0458723e-04  -1.5491796e-04   3.5630506e-04 
mode:  279 freq= 3068.7700 
 -4.6324375e-05  -8.4978190e-04  -7.0763370e-04 
 -8.1464854e-04  -4.0622278e-04   3.5829742e-04 
 -5.8673646e-04   4.5577887e-04  -1.4226709e-03 
mode:  280 freq= 3068.8200 
 -1.6749074e-04   3.0138967e-04  -2.9725745e-06 
  2.4648076e-04  -9.0517136e-04   2.5173939e-04 
 -5.7720483e-05   1.9951307e-04  -2.5094993e-04 
mode:  281 freq= 3081.5000 
  2.2130451e-05   2.3924025e-04   4.8072350e-04 
  2.5424247e-04   9.5353966e-04  -1.1470154e-04 
  4.9084883e-04  -1.2262861e-04   6.4793948e-04 
mode:  282 freq= 3081.6100 
 -3.3047758e-04  -3.0764161e-04   9.9247291e-05 
 -2.9481588e-04  -2.4619832e-04   2.1186060e-04 
  1.3091164e-04   2.2397523e-04  -3.5820819e-04 
mode:  283 freq= 3085.1300 
 -7.6886610e-05  -1.7790368e-04  -5.5841723e-04 
 -2.1581835e-04  -1.1891155e-03   4.0216972e-04 
 -5.3003485e-04   3.8865901e-04  -1.1198054e-03 
mode:  284 freq= 3085.6300 
  2.3809872e-04  -2.1704161e-05  -1.2923914e-04 
  3.7477010e-05   6.1369623e-04  -4.4251160e-05 
 -1.7072669e-05  -4.1440994e-06   6.9759172e-06 
mode:  285 freq= 3123.5000 
 -4.1579672e-04  -2.8297634e-04  -1.2247820e-05 
 -3.2857348e-04  -8.2935057e-04   3.9118598e-04 
 -7.6924494e-06   3.6973382e-04  -7.3604657e-04 
mode:  286 freq= 3124.3400 
 -1.9081803e-04   1.6068867e-04   4.7996210e-04 
  1.5156803e-04   4.3409216e-04  -1.0968053e-04 
  4.5555786e-04  -1.3009217e-04   5.3236448e-04 
mode:  287 freq= 3125.3300 
 -2.9305075e-05   3.1286636e-04   3.8483597e-04 
  2.9166214e-04   6.5901122e-04  -9.9089852e-07 
  4.0837539e-04   1.1894714e-05   4.2724363e-04 
mode:  288 freq= 3125.4800 
 -2.0617625e-04  -2.7621446e-04  -2.5999625e-04 
 -3.0639749e-04  -7.1283864e-04   2.8901029e-04 
 -2.2119448e-04   2.7493693e-04  -7.8933092e-04 
mode:  289 freq= 3128.4900 
 -1.0701072e-04   1.4023115e-04   4.9660873e-04 
  1.6737619e-04   9.2392398e-04  -2.9084468e-04 
  5.0464146e-04  -2.3663435e-04   6.4610442e-04 
mode:  290 freq= 3157.8700 
  2.5731296e-04   3.2647665e-04  -7.2467104e-05 
  2.9517622e-04   3.8959158e-04  -6.4264348e-06 
 -1.8749086e-05  -4.9542584e-05   2.1291395e-04 
mode:  291 freq= 3159.6200 
 -6.2384856e-04  -1.0171321e-04   3.2115665e-04 
 -1.2645067e-04  -8.3454801e-04   4.9990910e-04 
  2.9264570e-04   4.7667692e-04  -6.0502985e-04 
mode:  292 freq= 3161.0800 
 -7.3616730e-05   5.3718017e-04   5.4816641e-04 
  5.2649547e-04   3.5532872e-04  -1.7995079e-04 
  4.6063069e-04  -2.1910643e-04   8.0345984e-04 
mode:  293 freq= 3161.4100 
 -2.6778375e-05  -1.2625417e-04   1.4545197e-04 
 -1.5655720e-04   7.3266761e-04   6.0722866e-06 
  2.4409821e-04   3.7184874e-05   1.0672037e-04 
mode:  294 freq= 3166.5600 
 -3.4805112e-04  -1.9806041e-04  -2.5307806e-04 
 -2.4388188e-04  -9.3600349e-04   4.2642964e-04 
 -1.9265962e-04   4.0165890e-04  -9.5720009e-04 
mode:  295 freq= 3167.4200 
 -3.1284805e-04  -5.2118765e-05   4.1739688e-04 
 -3.0774958e-05   5.6294577e-04  -5.8894136e-05 
  4.6311481e-04  -2.2902922e-05   2.1624273e-04 
mode:  296 freq= 3169.9800 
 -1.7837880e-04   7.1411886e-05   5.1177964e-04 
  7.5435470e-05   8.3691616e-04   1.2594666e-05 
  5.5037574e-04   7.2775234e-05   3.3637536e-04 
mode:  297 freq= 3170.2900 
 -1.1358439e-04   1.0623710e-04   2.9170879e-04 
  8.5358783e-05   1.5155077e-04  -4.9522366e-05 
  1.8304720e-04   2.7158725e-05   3.4674683e-04 
mode:  298 freq= 3173.9000 
 -2.3502294e-04  -1.0292890e-04   1.5731903e-04 
 -1.1781902e-04   4.7217126e-05   1.6899049e-04 
  2.0492019e-04   1.5094924e-04  -2.2158513e-04 
mode:  299 freq= 3173.9100 
 -3.0541779e-04   6.6834254e-04   3.9878029e-04 
  6.4099967e-04  -7.5660009e-04   1.0973533e-04 
  3.8270890e-04   6.8742319e-05   3.0349660e-04 
mode:  300 freq= 3174.3600 
  7.3184256e-04  -5.7374678e-05  -5.3838249e-04 
 -1.5714200e-05   5.8127626e-04  -1.1920473e-04 
 -5.2810953e-04   6.0988661e-07  -8.4985902e-05 
mode:  301 freq= 3174.5600 
 -1.4898690e-03   8.8542844e-04   1.7113330e-03 
  8.5796132e-04  -9.6464299e-04   4.1233122e-04 
  1.5710075e-03   3.2089916e-04   7.2242823e-04 
mode:  302 freq= 3188.0400 
 -8.4067135e-04   1.3424281e-03   1.1684677e-03 
  1.3358991e-03  -1.3311550e-03   2.6029014e-04 
  1.0619843e-03   1.8824457e-04   8.0593073e-04 
mode:  303 freq= 3192.1200 
  6.1294692e-04  -5.3025387e-04  -6.1586836e-04 
 -5.5231384e-04   8.4098736e-04  -2.1037222e-04 
 -6.5925636e-04  -7.5997732e-05  -1.2206750e-04 
mode:  304 freq= 3192.9400 
  1.1749002e-03  -1.0532129e-03  -1.4850225e-03 
 -1.0576033e-03   1.3110965e-03  -1.3150042e-04 
 -1.2530984e-03  -4.8178790e-05  -1.1078928e-03 
mode:  305 freq= 3204.7100 
 -9.2582646e-04   8.9362867e-04   1.0544906e-03 
  8.5310590e-04  -1.1989430e-03   2.3414567e-04 
  9.4987782e-04   1.3689501e-04   7.0738958e-04 
mode:  306 freq= 3205.6900 
 -4.9950984e-05  -1.8954316e-04   1.1515270e-04 
 -2.5740593e-04   3.7145136e-04  -1.0733115e-04 
  7.8728991e-06  -3.4480586e-05   2.5144039e-04 
mode:  307 freq= 3208.0700 
 -2.7192914e-04  -1.2500343e-04   2.2270794e-04 
 -1.6961023e-04   2.5857096e-04   1.1988800e-04 
  2.5274021e-04   1.0792795e-04  -1.6801112e-04 
mode:  308 freq= 3211.7400 
 -4.0657829e-04   1.0296403e-03   6.5286892e-04 
  1.0493845e-03  -9.4511709e-04   1.6803326e-04 
  6.3556920e-04   1.2767275e-04   4.4898567e-04 
mode:  309 freq= 3219.5100 
 -3.1737135e-05  -1.1758125e-04   6.3782709e-05 
 -1.1356254e-04   1.6546793e-04  -1.1246747e-04 
  4.7575928e-05  -1.3202990e-04   1.0880682e-04 
mode:  310 freq= 3221.3800 
  4.3824311e-05   1.1288703e-04   2.0998461e-04 
  7.7459495e-05   3.2455765e-04   1.7222225e-05 
  2.0301254e-04  -7.3815723e-06   2.5086161e-04 
mode:  311 freq= 3223.2800 
  1.1153612e-04   4.4083307e-05  -1.5950070e-04 
  4.0223536e-05   7.4725907e-06  -4.3483115e-05 
 -1.3715240e-04  -6.3208332e-05  -4.7091287e-06 
mode:  312 freq= 3225.8800 
  2.1302888e-04   3.8230041e-04   2.2778830e-04 
  3.0020959e-04   6.4389353e-04  -1.4159038e-04 
  1.5452712e-04  -1.5666112e-04   5.3526347e-04 
mode:  313 freq= 3226.1900 
 -9.6229197e-05   5.9993078e-04   1.0117797e-03 
  5.3249441e-04   1.1472904e-03  -3.5206835e-05 
  8.4907673e-04  -4.0255853e-06   9.9572823e-04 
mode:  314 freq= 3230.9300 
  2.1203782e-04  -1.5006025e-04  -4.0058148e-04 
 -8.7158390e-05  -1.4682646e-04  -1.7433013e-05 
 -3.4277939e-04   5.0396611e-05  -3.2458012e-04 
mode:  315 freq= 3234.3100 
 -9.1860975e-05  -3.1152733e-04  -1.6386190e-04 
 -2.9526749e-04  -1.4026829e-04  -1.7374114e-04 
 -1.9588677e-04  -2.3454904e-04  -2.0439360e-04 
mode:  316 freq= 3234.5800 
  8.4934398e-04   2.8535874e-04  -5.9294443e-04 
  3.5631509e-04   5.5881734e-04  -3.7043529e-05 
 -5.7542699e-04   7.3431369e-05   4.5668408e-06 
mode:  317 freq= 3238.3100 
 -1.6409348e-04   3.3272214e-06   2.7800433e-04 
 -1.4139063e-05   1.5145916e-04  -5.8135203e-05 
  2.7560646e-04  -9.4518308e-05   2.5615724e-04 
mode:  318 freq= 3238.9200 
  1.9935690e-04   1.4129189e-04   1.0076717e-04 
  1.2964101e-04   6.8750138e-04  -2.6881044e-04 
  6.0181940e-05  -2.8684317e-04   5.5286858e-04 
mode:  319 freq= 3240.0100 
  4.2317352e-04   6.6548941e-04   4.3880454e-04 
  5.9891493e-04   1.2656181e-03  -3.7401583e-04 
  3.7353311e-04  -3.8369896e-04   1.3450136e-03 
mode:  320 freq= 3241.3400 
 -3.7998798e-05  -7.8759828e-05  -8.3056906e-05 
 -3.3990026e-05  -1.0676006e-04   1.5539774e-04 
 -5.2422314e-05   1.4225148e-04  -3.5656686e-04 
mode:  321 freq= 3241.6800 
  8.7928422e-05   1.9433604e-04   3.1564906e-04 
  2.3409639e-04   6.7096337e-04  -3.5695360e-04 
  2.1178262e-04  -3.2196914e-04   7.6200403e-04 
mode:  322 freq= 3250.3800 
  5.8172204e-04   1.0830820e-03   8.4368385e-04 
  9.5687715e-04   1.9662082e-03  -5.4541116e-04 
  6.8660758e-04  -5.4144430e-04   2.1068523e-03 
mode:  323 freq= 3251.1300 
  2.8899256e-05  -4.2003383e-04  -2.9086352e-04 
 -2.7076126e-04   5.8026390e-05   2.2695423e-04 
 -2.0823973e-04   2.6614533e-04  -6.8672759e-04 
