unit: cm^{-1}, only max(dg)>1.000e-04 are saved; dg/dQ_alpha * Q_alpha 
mode:    6 freq=   13.2200 
 -3.5808560e-03   2.2249305e-03   3.4133716e-03 
  1.9467800e-03  -6.8272792e-03   2.1935022e-03 
  3.4892639e-03   2.1797657e-03   1.0655351e-04 
mode:    7 freq=   22.9800 
  7.8418959e-04  -6.8261718e-04  -4.6180684e-04 
 -3.8597460e-04   2.7414843e-03   2.0571982e-04 
 -2.5007596e-04   2.9871961e-04  -8.4173912e-04 
mode:    8 freq=   27.0900 
  1.0317101e-03  -1.7098725e-03  -2.0477316e-03 
 -1.5414709e-03  -1.2862422e-03   8.5803402e-04 
 -1.9825562e-03   1.2322245e-03  -3.0155990e-03 
mode:    9 freq=   36.2600 
 -2.0008214e-03  -8.6636221e-04   1.0050061e-03 
 -8.0611630e-04  -2.7043645e-03   1.1104132e-03 
  1.1395030e-03   1.0633904e-03  -9.3179877e-04 
mode:   10 freq=   43.8000 
  1.8749618e-03  -2.5667785e-04  -2.0312991e-03 
  1.8906016e-05   1.1804198e-03  -3.7337738e-04 
 -1.9341679e-03  -6.1450962e-04  -4.5160564e-04 
mode:   11 freq=   46.4700 
  2.9097163e-03  -2.3635373e-03  -4.1440264e-03 
 -1.9171669e-03   1.2476924e-03  -2.3832526e-04 
 -3.9055216e-03  -7.5000839e-05  -3.0349911e-03 
mode:   12 freq=   57.2600 
 -1.4292794e-03   6.6544370e-04   1.0204129e-03 
  4.5864061e-04  -3.0250080e-03   1.2585524e-03 
  9.9677354e-04   1.3955122e-03  -1.3349085e-03 
mode:   13 freq=   60.4900 
  2.8945158e-04   9.9549224e-04   1.5362445e-04 
  1.0128568e-03   2.7159984e-04   5.5670029e-05 
  3.2831988e-05   1.0074815e-04   3.8452945e-04 
mode:   14 freq=   62.5700 
 -2.0773645e-04  -1.1333585e-03  -5.6015403e-05 
 -1.1162793e-03  -4.4363669e-04   1.7617463e-04 
 -1.0585265e-04   1.7158779e-04  -6.4432691e-04 
mode:   15 freq=   67.5900 
  3.9973823e-04   1.3374160e-04  -1.2505898e-03 
  3.5502941e-04  -2.2554243e-03   1.1797609e-03 
 -1.0044972e-03   1.1670814e-03  -2.2325301e-03 
mode:   16 freq=   76.1000 
 -3.2889977e-04  -1.2680718e-03  -9.7475280e-04 
 -1.0419573e-03  -2.2319604e-03   9.9681639e-04 
 -8.6645341e-04   1.1455477e-03  -2.6983774e-03 
mode:   17 freq=   85.7800 
 -2.5567112e-03  -7.9224203e-04   1.6291886e-03 
 -1.0593928e-03  -3.5348042e-03   5.2941683e-04 
  1.4171988e-03   5.3291509e-04  -6.2044439e-04 
mode:   18 freq=   91.4200 
  1.0328454e-03  -1.0883611e-03  -1.2998461e-03 
 -1.0255097e-03   1.3238889e-03  -1.0209494e-03 
 -1.3601695e-03  -9.8010510e-04   1.0349713e-05 
mode:   19 freq=   99.6300 
  2.2282929e-03   2.0958614e-04  -1.3727870e-03 
  3.1483740e-04   1.8789555e-03   2.8289584e-04 
 -1.3243556e-03   5.3730082e-04  -4.6346659e-04 
mode:   20 freq=  105.3300 
  9.1259246e-04  -2.9715711e-04  -1.0857512e-03 
 -3.7919556e-04   1.4222620e-03  -5.1455150e-04 
 -9.9977956e-04  -3.9421874e-04  -2.9900299e-04 
mode:   21 freq=  112.1500 
  6.2313855e-04   2.1235552e-04  -9.0389841e-05 
  1.5589771e-04   1.7156376e-03  -1.1880075e-03 
 -1.8634227e-04  -1.2243580e-03   1.3811052e-03 
mode:   22 freq=  117.6900 
  1.3295364e-03   1.3973210e-03   8.0921070e-06 
  1.2016654e-03   9.6112760e-04  -6.0416252e-04 
 -5.3329753e-05  -5.6707896e-04   1.7042180e-03 
mode:   23 freq=  127.4800 
 -8.1779694e-06  -1.6244179e-04  -8.4902995e-05 
 -2.4690333e-04   9.3207405e-04  -2.3670705e-04 
  1.7081783e-06  -3.9317879e-04   2.9180551e-04 
mode:   24 freq=  133.7700 
 -9.8815458e-04  -1.3770334e-04   1.6773633e-03 
 -2.8876637e-05   1.3013084e-03  -5.0673970e-04 
  1.5179450e-03  -6.1407199e-04   1.4482348e-03 
mode:   25 freq=  141.7600 
 -6.2853613e-04  -1.3098118e-03   5.6932846e-04 
 -1.4158653e-03   2.4482550e-03   1.2353847e-04 
  8.1520541e-04   7.8560037e-05  -4.1149164e-04 
mode:   26 freq=  151.5500 
  4.5675455e-04   1.5582640e-03   4.7134932e-04 
  1.6008220e-03   4.0593806e-04   3.3915456e-04 
  4.9377107e-04   4.0026407e-04   8.3570450e-04 
mode:   27 freq=  170.4900 
 -1.8433019e-03   1.4988893e-03   2.2159258e-03 
  1.2816437e-03  -2.4931566e-03   2.6976091e-04 
  2.0606642e-03   2.0839395e-04   1.4183651e-03 
mode:   28 freq=  177.5900 
 -8.6276426e-04  -3.5510785e-04   6.8153373e-04 
 -3.5843050e-04   3.0266492e-04   5.6751654e-04 
  7.7048786e-04   5.4221751e-04  -5.6396193e-04 
mode:   29 freq=  182.8300 
 -7.1610655e-04   1.1196591e-03   6.3823623e-04 
  1.0751639e-03  -1.6091261e-03   1.3943942e-04 
  5.8801681e-04   7.4697381e-05   4.0355547e-04 
mode:   30 freq=  185.3900 
 -9.1207790e-04   7.7265527e-04   1.5273567e-03 
  6.3231135e-04  -2.7365687e-04   2.8108980e-04 
  1.5473993e-03   2.6724226e-04   1.0610603e-03 
mode:   31 freq=  189.6400 
  7.9017563e-04   1.3672739e-05  -2.0506390e-04 
 -2.1362297e-06   1.9178598e-03  -1.7801965e-04 
 -1.5719238e-04  -1.4966728e-04   3.0114045e-04 
mode:   32 freq=  194.6800 
  1.2226989e-03   8.1090499e-05  -6.7721964e-04 
 -3.4243133e-05   1.1907238e-03  -4.1777931e-04 
 -7.2132282e-04  -3.1677274e-04   2.9707895e-04 
mode:   33 freq=  200.6100 
 -7.0479467e-04  -1.5493175e-04   6.3684097e-04 
 -6.8251764e-05  -3.9363538e-04   4.2896401e-04 
  7.0205212e-04   4.0526105e-04  -5.7617881e-05 
mode:   34 freq=  202.2100 
  1.6053003e-03   6.8603064e-05  -9.3239054e-04 
  1.7892907e-04   2.5499874e-03  -2.9703839e-04 
 -9.3337594e-04  -1.7847324e-04  -4.6096104e-05 
mode:   35 freq=  207.6700 
  1.6025141e-03  -1.0743867e-03  -1.9642981e-03 
 -1.0294093e-03   5.5869426e-04  -1.4639543e-04 
 -1.9527802e-03  -2.0594789e-05  -1.3353422e-03 
mode:   36 freq=  213.5900 
 -1.3112112e-03  -1.5268374e-03  -3.7006755e-04 
 -1.4694313e-03  -2.7765413e-03   1.5100508e-03 
 -2.4384638e-04   1.2581698e-03  -3.0956714e-03 
mode:   37 freq=  219.4800 
  1.1880849e-03  -1.1420265e-04  -8.4405042e-04 
 -3.1190733e-05   1.8456961e-03  -1.9713684e-06 
 -7.8899536e-04   8.8574625e-06  -5.0299674e-04 
mode:   38 freq=  221.8600 
  2.2734017e-03  -1.2931051e-03  -2.5135645e-03 
 -1.0769567e-03   1.1297383e-03  -2.5514535e-04 
 -2.4724303e-03  -4.0337504e-05  -1.7801930e-03 
mode:   39 freq=  229.4600 
 -4.1673894e-04  -3.3624489e-04   2.2013393e-04 
 -3.3423765e-04   4.1224448e-04  -1.3720861e-04 
  2.7405923e-04  -1.7849864e-04   5.0741399e-04 
mode:   40 freq=  234.0000 
  1.8864851e-03  -9.5311567e-04  -2.0148224e-03 
 -7.6369181e-04   1.3634954e-03   1.1106728e-04 
 -2.0162033e-03   2.3546598e-04  -1.8739871e-03 
mode:   41 freq=  241.6300 
  1.3737437e-03  -7.1652266e-04  -1.4926509e-03 
 -6.7435917e-04   6.3729870e-04  -1.2677200e-04 
 -1.4871429e-03  -1.8556685e-08  -9.2489978e-04 
mode:   42 freq=  245.6600 
 -4.3158157e-04   1.3815816e-04   6.6693480e-04 
  1.6821895e-04   3.0258579e-04   2.9249806e-04 
  7.9787836e-04   1.4647614e-04   3.0616279e-04 
mode:   43 freq=  250.2800 
  1.9937627e-04  -4.0845208e-04  -4.9343118e-04 
 -3.9291165e-04  -8.2263764e-04  -3.9686775e-04 
 -4.8145183e-04  -4.7339995e-04   3.9681785e-04 
mode:   44 freq=  253.5300 
  1.4489366e-03  -8.6623254e-04  -1.6180629e-03 
 -7.5159085e-04   1.5032739e-03  -4.2042632e-04 
 -1.5333413e-03  -3.6046348e-04  -5.9830166e-04 
mode:   45 freq=  259.9300 
 -1.0774751e-03  -1.4655509e-04   7.5660902e-04 
 -1.3967784e-04  -1.4911313e-03   4.1782009e-04 
  8.3352869e-04   3.3999901e-04  -5.0629688e-05 
mode:   46 freq=  262.7600 
 -1.6773515e-03  -1.5381717e-03  -3.4404999e-05 
 -1.4791667e-03  -4.3106764e-03  -1.0270879e-03 
 -5.2163863e-05  -1.2144862e-03   5.4120046e-04 
mode:   47 freq=  263.5100 
  1.3011951e-03  -1.8336393e-03  -2.4411723e-03 
 -1.5816326e-03   7.4412584e-04  -8.7573309e-04 
 -2.1622544e-03  -8.0004685e-04  -1.1605664e-03 
mode:   48 freq=  274.2700 
 -1.0698842e-03  -3.7817060e-04   2.8145459e-04 
 -7.1093695e-04  -1.3363045e-03  -3.3684781e-04 
  3.1666756e-04  -3.9634173e-04   5.0869649e-04 
mode:   49 freq=  276.4500 
 -1.3862209e-03  -1.9805541e-03  -6.7299297e-04 
 -1.9345567e-03  -4.3620775e-03  -1.1842904e-03 
 -7.1714530e-04  -1.2906219e-03   9.7675474e-05 
mode:   50 freq=  283.4000 
  1.8109080e-03  -4.8560490e-03  -5.4322972e-03 
 -4.3875340e-03  -1.1828293e-03  -1.5430104e-03 
 -4.9320184e-03  -1.2367609e-03  -3.9046429e-03 
mode:   51 freq=  293.7500 
  5.4638016e-04   7.9890870e-05  -2.9804632e-04 
 -1.1099009e-04   1.6296755e-03  -7.0728947e-05 
 -6.7835466e-05  -1.2409602e-04   3.8639415e-04 
mode:   52 freq=  297.1000 
 -2.5105304e-03  -4.0474670e-04   1.4088852e-03 
 -3.8451631e-04  -5.1277515e-03  -4.0240223e-04 
  1.1453960e-03  -7.3886564e-04   1.4942405e-03 
mode:   53 freq=  301.8600 
  2.0528839e-03  -1.0998598e-03  -2.4564963e-03 
 -1.0280242e-03   2.6975567e-03  -9.5503712e-04 
 -2.1544940e-03  -9.4974226e-04  -2.9377218e-04 
mode:   54 freq=  308.6800 
 -2.6770427e-04   1.1193184e-03   1.4265527e-03 
  8.9950064e-04   1.7852762e-03   1.4262134e-04 
  1.5244765e-03   1.0828174e-04   1.2480809e-03 
mode:   55 freq=  310.6000 
 -2.2673589e-03  -4.2973015e-03  -2.0750961e-03 
 -3.9215818e-03  -7.9936985e-03  -1.2048221e-03 
 -1.9186004e-03  -1.2191047e-03  -2.2811488e-03 
mode:   56 freq=  319.8300 
  1.4505473e-03  -6.2108694e-04  -1.5444401e-03 
 -4.9897701e-04   1.7787163e-03  -5.8831627e-04 
 -1.4255733e-03  -5.8281118e-04  -1.3172751e-04 
mode:   57 freq=  321.5700 
 -7.9191877e-04  -1.4604086e-03  -4.8900439e-04 
 -1.3492280e-03  -1.6653308e-03  -4.1785276e-04 
 -2.8017623e-04  -4.1590519e-04  -4.1406433e-04 
mode:   58 freq=  324.2000 
  4.8414969e-04   1.2485461e-03   9.6789923e-04 
  1.2518007e-03   1.3868887e-03  -3.9255136e-05 
  9.7565714e-04  -2.5610487e-04   1.8261793e-03 
mode:   59 freq=  336.6100 
  9.6508168e-04  -8.4409569e-04  -1.2398681e-03 
 -7.7537765e-04   8.8764730e-04  -4.7883697e-04 
 -1.1819427e-03  -3.8069829e-04  -4.3679978e-04 
mode:   60 freq=  338.4800 
 -8.4150370e-04  -5.2097798e-04   3.3301718e-04 
 -4.4398300e-04  -5.3059190e-04  -2.3126937e-04 
  5.0853289e-04  -3.1297905e-04   4.3201988e-04 
mode:   61 freq=  345.5200 
  1.6012236e-03   4.1723384e-03   2.5571029e-03 
  3.9431619e-03   6.0653639e-03   5.9409096e-04 
  2.4349825e-03   2.5699885e-04   4.0813203e-03 
mode:   62 freq=  349.6000 
  1.5553572e-03  -1.1161028e-03  -1.8973943e-03 
 -1.1068084e-03   9.9684970e-04  -4.8723761e-04 
 -1.7613576e-03  -3.4874343e-04  -8.5260215e-04 
mode:   63 freq=  362.7400 
 -6.3186114e-04   3.5433980e-04   9.5495093e-04 
  4.3813318e-04   9.9152823e-04  -2.8811715e-04 
  1.0748117e-03  -4.6003328e-04   1.3837720e-03 
mode:   64 freq=  377.8800 
  6.1378744e-04  -1.1506742e-03  -1.0984717e-03 
 -9.4731650e-04  -7.7068757e-04  -5.1496320e-04 
 -8.4814546e-04  -5.8780719e-04  -2.5943407e-04 
mode:   65 freq=  381.0800 
  1.1522832e-03  -3.8982685e-04  -9.3425654e-04 
 -2.4531488e-04   2.1981153e-03  -6.1509529e-04 
 -8.3692844e-04  -6.0520465e-04   2.0362093e-04 
mode:   66 freq=  402.2800 
 -1.3101538e-03  -4.3564942e-03  -2.3863805e-03 
 -3.9133442e-03  -5.0727065e-03  -1.1735865e-03 
 -2.0212658e-03  -1.0750224e-03  -2.6194482e-03 
mode:   67 freq=  409.6800 
  4.4358431e-04   7.4755671e-04   5.5416689e-04 
  7.8073674e-04   8.8311137e-04  -1.4416531e-04 
  5.5839894e-04  -2.9992455e-04   1.3291118e-03 
mode:   68 freq=  411.0400 
  4.5302669e-04  -3.7836134e-04  -5.2388250e-04 
 -3.7324758e-04   9.7903426e-04  -6.9809454e-04 
 -4.7536473e-04  -7.5613129e-04   4.8370565e-04 
mode:   69 freq=  415.9100 
  1.2980143e-03   1.2004643e-03   2.6503491e-04 
  1.2028023e-03   3.6840810e-03   5.1573551e-04 
  3.7532302e-04   5.5110266e-04   5.7048961e-04 
mode:   70 freq=  425.7500 
  2.5744811e-05   4.2460381e-04   3.5228722e-04 
  4.2426027e-04   8.5026223e-06  -3.1428950e-04 
  3.2291609e-04  -4.3324613e-04   9.7904846e-04 
mode:   71 freq=  432.9100 
  1.2426200e-03   7.3029655e-05  -5.9810048e-04 
  1.5246656e-04   1.8700434e-03  -6.1057618e-05 
 -4.6709574e-04  -1.2093674e-04   1.9839047e-04 
mode:   72 freq=  438.3900 
  1.6910860e-03   3.8668213e-03   2.0242596e-03 
  3.6543212e-03   6.6351770e-03   1.1771579e-03 
  1.9332463e-03   1.0494407e-03   2.3768546e-03 
mode:   73 freq=  444.7800 
 -8.7610759e-04   7.7089331e-05   8.2550451e-04 
  1.2435591e-04  -1.2737835e-03  -2.7187857e-04 
  7.6880606e-04  -3.6658623e-04   8.2380063e-04 
mode:   74 freq=  453.0900 
  1.6427236e-03  -2.0471673e-04  -1.1504261e-03 
 -1.1302618e-04   2.0084285e-03  -1.8270662e-04 
 -9.8856705e-04  -2.2227842e-04  -5.6814982e-05 
mode:   75 freq=  456.7700 
  1.7454798e-03   4.0951302e-04  -5.2339393e-04 
  5.2772790e-04   3.9568243e-03   1.6099551e-04 
 -2.9097235e-04   2.4441195e-04   1.1938833e-04 
mode:   76 freq=  465.7800 
 -1.0036421e-03  -9.4315124e-04  -6.3462360e-05 
 -8.7498299e-04  -3.3099054e-03   3.7296110e-05 
 -1.2652328e-05  -1.6891449e-04  -4.1118370e-04 
mode:   77 freq=  472.5100 
  1.2965328e-03  -1.5529606e-03  -1.8122815e-03 
 -1.3216520e-03   4.2765370e-04  -2.5131731e-04 
 -1.5489791e-03  -2.6741965e-04  -1.1444453e-03 
mode:   78 freq=  474.0400 
  1.1731895e-03   6.3744478e-04   5.4807992e-05 
  7.5458108e-04   3.2797197e-03   4.4498475e-04 
  2.6041294e-04   4.7815690e-04   2.0572544e-04 
mode:   79 freq=  481.8400 
  4.5159410e-04   1.0094207e-03   7.6216822e-04 
  1.1501435e-03   1.4305856e-03   2.8733099e-04 
  7.2592535e-04   1.2569131e-04   9.9963791e-04 
mode:   80 freq=  483.9000 
  1.4968214e-03   1.8530850e-03   4.1949256e-04 
  1.7432722e-03   3.3525797e-03   4.5752347e-04 
  3.2962885e-04   3.0943817e-04   1.2866835e-03 
mode:   81 freq=  510.1900 
 -4.6067326e-04  -1.8003282e-04   2.9491675e-04 
 -1.6975616e-04  -9.2493309e-04   5.0530513e-04 
  2.6987030e-04   4.6527700e-04  -4.7384525e-04 
mode:   82 freq=  512.6600 
  5.6623740e-04   3.0127909e-04  -2.2645526e-04 
  3.2450182e-04   1.0965650e-03  -1.7260548e-04 
 -2.1161165e-04  -1.6015840e-04   4.2738563e-04 
mode:   83 freq=  520.3300 
  8.9876694e-04  -7.9888983e-04  -1.2800423e-03 
 -6.9964960e-04   4.0844712e-04  -7.4695558e-05 
 -1.2089283e-03  -1.8182952e-05  -9.4750673e-04 
mode:   84 freq=  528.4900 
  1.9044897e-04   6.3579757e-04   7.6074853e-04 
  5.2712901e-04   1.2942052e-03   1.1718497e-04 
  6.5145429e-04   2.6067519e-04   7.4106503e-04 
mode:   85 freq=  529.0200 
  1.1302479e-04  -2.6323352e-04  -5.5832233e-04 
 -1.6334741e-04  -4.8383114e-04   1.0577553e-04 
 -4.8847031e-04  -8.4362504e-06  -4.4341638e-04 
mode:   86 freq=  530.6200 
  1.7097644e-03  -1.1658184e-03  -2.2981347e-03 
 -9.9283645e-04   1.6643366e-03  -6.8435270e-04 
 -2.0964996e-03  -5.2228701e-04  -9.6724542e-04 
mode:   87 freq=  558.4600 
 -2.8547140e-04   2.2677046e-05   4.1806854e-04 
  2.3263812e-05  -2.6056563e-04   3.6739311e-04 
  3.7446560e-04   2.9376392e-04  -1.5924786e-04 
mode:   88 freq=  562.2500 
 -4.6993583e-04   1.2918325e-03   1.4285363e-03 
  1.0802780e-03  -2.4274202e-04   5.9118430e-04 
  1.3268882e-03   6.6688170e-04   8.0899312e-04 
mode:   89 freq=  567.7700 
  1.5813365e-03  -9.6863911e-04  -1.8280095e-03 
 -7.7262751e-04   1.9365763e-03  -6.0658305e-04 
 -1.7371093e-03  -6.4412574e-04  -6.9088812e-04 
mode:   90 freq=  568.4000 
 -2.0630260e-04  -2.8767737e-04  -5.5452145e-05 
 -2.4128673e-04  -6.2481212e-04   1.8830997e-04 
 -5.8733168e-05   1.0693838e-04  -3.7950891e-04 
mode:   91 freq=  573.3500 
  1.2946758e-05   3.2230531e-04   3.7256895e-05 
  2.7520855e-04  -1.3751985e-04   4.1987781e-05 
  1.2794049e-05   9.1452931e-05   2.9996989e-05 
mode:   92 freq=  583.2100 
  2.9782827e-04  -2.0624557e-04  -2.7442471e-04 
 -2.1504840e-04   3.5063499e-04   1.1198490e-05 
 -2.4442688e-04   3.9125549e-05  -2.1469426e-04 
mode:   93 freq=  585.3700 
 -3.6634692e-04   4.4356085e-04   4.7430902e-04 
  4.0915470e-04  -9.2130541e-04   3.9978960e-04 
  4.2356631e-04   4.9344302e-04  -3.0001369e-04 
mode:   94 freq=  612.6900 
 -2.9203360e-05  -1.2239331e-04  -1.5423872e-04 
 -8.4553439e-05  -2.4682392e-04  -5.4797544e-05 
 -2.5626806e-04  -1.2619090e-04  -1.3514435e-04 
mode:   95 freq=  629.3000 
 -5.2280182e-04  -6.9678479e-04  -4.3621136e-05 
 -6.7448892e-04  -1.2326093e-03   3.0180534e-04 
 -5.7673065e-05   2.0533426e-04  -6.9078924e-04 
mode:   96 freq=  631.1500 
  2.4082800e-04  -3.1938851e-05  -3.6871042e-04 
 -4.5705322e-05  -1.0468307e-04   6.5165262e-05 
 -3.5265330e-04   1.5248116e-04  -5.8821874e-04 
mode:   97 freq=  639.7700 
 -5.0777119e-04  -7.8107609e-05   6.4856357e-05 
 -6.6772606e-05  -1.3797897e-03   2.4807255e-04 
  1.9401413e-05   1.7379241e-04  -4.0601033e-04 
mode:   98 freq=  640.0800 
 -5.9311799e-04  -4.0499662e-04   2.5793067e-04 
 -4.1263500e-04  -1.2803483e-03   3.2426231e-04 
  2.0683123e-04   2.9472221e-04  -3.8247719e-04 
mode:   99 freq=  644.4500 
  8.1849413e-04  -7.1482322e-05  -1.1753522e-03 
 -9.1949830e-05  -1.5717981e-04   9.5637594e-05 
 -1.0257217e-03   2.8816512e-04  -1.2436693e-03 
mode:  100 freq=  656.0300 
 -7.6289362e-04   3.6931593e-04   2.4937703e-04 
  3.1445906e-04  -2.4458476e-03   4.2925121e-04 
  2.9495553e-04   4.3902183e-04  -4.2949142e-04 
mode:  101 freq=  658.1400 
 -1.0830501e-03  -1.8598262e-04   6.3718179e-04 
 -2.1002926e-04  -2.6346406e-03   5.3739592e-04 
  4.7212777e-04   6.1378919e-04  -5.4424793e-04 
mode:  102 freq=  660.6000 
  2.3687417e-04  -2.9718863e-04  -3.3046953e-04 
 -3.2263435e-04   1.4920670e-04  -1.6147682e-04 
 -3.7609277e-04  -1.5645694e-04  -2.2863256e-04 
mode:  103 freq=  678.5900 
 -5.3103906e-04   2.3026214e-05   1.2986981e-04 
  1.9751012e-05  -1.4129181e-03   3.8832310e-04 
  8.7562972e-05   3.7862985e-04  -5.4680640e-04 
mode:  104 freq=  731.3500 
 -7.7479341e-05  -3.8064564e-04  -2.7345603e-04 
 -3.7188816e-04  -5.3420094e-04   3.9278316e-04 
 -1.8820686e-04   4.7874810e-04  -7.4590493e-04 
mode:  105 freq=  732.7500 
  3.8929583e-04  -3.9860384e-04  -5.7233770e-04 
 -5.2534910e-04   1.5026908e-04  -3.3764196e-04 
 -6.2784212e-04  -4.0735978e-04  -2.6540382e-04 
mode:  106 freq=  748.3300 
 -3.7282852e-04  -1.5943567e-04  -9.8480251e-05 
 -2.0123756e-04  -1.1826133e-03   2.9965167e-04 
 -1.4572103e-04   3.1545863e-04  -7.2434273e-04 
mode:  107 freq=  753.4100 
 -3.9875975e-04  -6.7318509e-07   7.0372848e-05 
 -5.9408976e-05  -1.1595583e-03   6.7780047e-04 
  1.7682293e-04   7.6257656e-04  -7.8046358e-04 
mode:  108 freq=  760.5600 
 -2.2271562e-04   4.6020513e-05   3.3062528e-04 
 -5.3556658e-05  -3.4685105e-04  -8.7494935e-05 
  2.0613515e-04  -1.7495124e-04   2.9195291e-04 
mode:  109 freq=  766.9200 
 -3.0735227e-04   1.7182724e-04   1.9190941e-04 
  1.6987318e-04  -5.6219023e-04   1.7467139e-04 
  1.7486288e-04   1.7090144e-04  -1.3090459e-04 
mode:  110 freq=  769.6300 
  2.6068766e-04  -2.0990967e-04  -4.2859577e-04 
 -1.5083630e-04   2.7137623e-05   2.5953410e-04 
 -2.9928764e-04   3.3293061e-04  -5.8294901e-04 
mode:  111 freq=  774.3600 
 -4.8776247e-04   3.2939040e-04   7.3346568e-04 
  4.6182676e-05  -1.0676143e-03  -2.4036472e-04 
  4.8045180e-04  -4.4027487e-04   8.2163849e-04 
mode:  112 freq=  775.0000 
 -1.9567324e-04   2.9713689e-04   5.1993032e-05 
  2.1571199e-04  -5.4348408e-04   2.8039658e-04 
  4.2585376e-05   2.1375145e-04  -3.3456742e-04 
mode:  113 freq=  780.6200 
  2.9397200e-04   1.4168285e-04  -5.3872387e-04 
  2.0188875e-04  -5.6728137e-04   3.8333787e-04 
 -3.4112745e-04   4.9266379e-04  -7.1652747e-04 
mode:  114 freq=  789.0400 
  1.7599786e-04   3.8407307e-04  -2.3357598e-04 
  3.9160814e-04  -4.7930206e-04   3.0140744e-04 
 -1.8656028e-04   3.8151602e-04  -4.5680970e-04 
mode:  115 freq=  792.6500 
 -1.3400705e-04  -2.5542947e-04  -2.1624263e-04 
 -2.5005458e-04  -7.1347300e-04   1.2403788e-04 
 -3.1348317e-04   1.2941696e-04  -6.3997195e-04 
mode:  116 freq=  796.2800 
 -7.8818017e-04  -9.6736320e-04   6.1146947e-05 
 -9.8752726e-04  -1.3899747e-03   2.3125323e-04 
  2.7255741e-05   1.6969955e-04  -8.1828828e-04 
mode:  117 freq=  812.3600 
  2.7890872e-04   1.2150603e-03   2.2296248e-04 
  1.1412718e-03   1.5242161e-04  -1.3581412e-04 
  2.6526635e-04   6.9401234e-05   7.9601280e-04 
mode:  118 freq=  814.4600 
 -5.7108812e-04  -2.3614380e-04   2.5300245e-04 
 -2.5418217e-04  -1.2173162e-03  -2.3331913e-05 
  6.9594673e-05  -9.2503547e-06  -2.2909418e-04 
mode:  119 freq=  816.1100 
 -1.0250705e-03  -8.9221672e-04   3.5629215e-04 
 -9.2906815e-04  -1.6370318e-03   1.1603658e-04 
  2.7068767e-04   6.8191093e-05  -4.9514583e-04 
mode:  120 freq=  825.9400 
  6.5152193e-04   5.9717585e-04  -2.7653211e-04 
  6.6099377e-04   4.1475994e-04   2.5576672e-04 
 -2.6059321e-04   3.6743713e-04  -1.9780410e-05 
mode:  121 freq=  845.3500 
  5.9165975e-04   3.6495135e-04  -2.9770558e-04 
  4.0038199e-04   7.9297739e-04  -9.1091305e-05 
 -3.5301385e-04  -1.2731591e-05   1.7195389e-04 
mode:  122 freq=  851.4600 
 -8.8993545e-04  -1.2389526e-03   9.5960566e-05 
 -1.2210140e-03  -1.7137472e-03   3.6533066e-04 
 -7.6316611e-06   2.7725081e-04  -1.0208530e-03 
mode:  123 freq=  861.8900 
  1.7350707e-04   2.0678362e-04  -1.9343001e-04 
  2.3630696e-04  -4.5764826e-04   1.8042244e-04 
 -1.6167323e-04   2.5990602e-04  -2.2099405e-04 
mode:  124 freq=  873.3600 
 -4.4039477e-04  -5.0459993e-04  -2.4943339e-04 
 -4.6266164e-04  -1.5774826e-03   5.6530420e-04 
 -2.0979007e-04   5.7785535e-04  -1.3003031e-03 
mode:  125 freq=  875.4200 
 -4.1540996e-04   8.6119757e-06   5.0952520e-04 
 -2.8594498e-05   4.8079304e-04  -2.6161566e-04 
  4.3385746e-04  -2.8865697e-04   6.0967955e-04 
mode:  126 freq=  879.2200 
  7.2764691e-04   8.8215530e-05  -9.3493461e-04 
  1.7341543e-04   4.1143074e-04   3.2997111e-04 
 -8.3618603e-04   2.7169863e-04  -8.9046907e-04 
mode:  127 freq=  926.7200 
 -3.0388474e-04  -1.4313719e-05   1.7903020e-04 
 -4.6966802e-05  -4.0755033e-04   7.8617096e-05 
  1.4827509e-04   1.1192344e-04  -2.0614482e-04 
mode:  128 freq=  928.9100 
 -4.4299514e-04   3.3553440e-04   7.9098537e-04 
  2.2484710e-04   1.2683083e-03  -5.6413910e-04 
  7.4021031e-04  -5.7539235e-04   1.3445993e-03 
mode:  129 freq=  929.1200 
  1.0954135e-03   7.6760875e-06  -1.5772655e-03 
  1.0213994e-04   7.1661175e-04   5.3400961e-04 
 -1.3704364e-03   4.5394187e-04  -1.6891773e-03 
mode:  130 freq=  931.5900 
 -8.8965483e-04   4.8686151e-04   1.1824867e-03 
  3.3008420e-04  -1.2130783e-04  -5.2429579e-05 
  1.0021679e-03  -8.1336010e-05   6.8481265e-04 
mode:  131 freq=  932.2100 
  2.6226109e-04  -1.3281378e-05  -3.5880614e-04 
 -5.3441324e-05   1.4746312e-03  -3.4818767e-04 
 -2.6975379e-04  -3.3441948e-04   1.7604062e-04 
mode:  132 freq=  935.1500 
  5.5063946e-04   1.5605322e-04  -6.0982253e-04 
  2.3234469e-04   8.3519775e-05   1.0963317e-04 
 -5.6853301e-04   2.0264828e-04  -3.9835433e-04 
mode:  133 freq=  940.9600 
 -5.0728336e-04  -1.2762826e-04   2.3723920e-04 
 -1.3221239e-04  -7.7986943e-04   3.3522680e-04 
  2.4071228e-04   3.2536928e-04  -5.1434538e-04 
mode:  134 freq=  941.3900 
  1.7356924e-04   5.8473275e-04   4.2499121e-04 
  4.1601509e-04   2.5723938e-03  -9.5673436e-04 
  3.5618377e-04  -1.0457210e-03   1.6882242e-03 
mode:  135 freq=  947.1500 
  7.1129993e-04   1.3148216e-04  -9.9639135e-04 
  1.9302599e-04   4.7061230e-04   4.3683174e-04 
 -8.8236362e-04   4.0770148e-04  -1.1332427e-03 
mode:  136 freq=  954.0200 
 -8.4705704e-04   4.9239441e-04   1.1618449e-03 
  3.6192029e-04  -3.1615285e-04  -1.3220663e-04 
  9.9507401e-04  -7.5588827e-05   8.3099544e-04 
mode:  137 freq=  954.2600 
 -6.1059237e-04   4.3395044e-04   1.3348290e-03 
  3.1133944e-04   1.1675152e-03  -9.5055953e-04 
  1.1442226e-03  -9.6682328e-04   2.3506868e-03 
mode:  138 freq=  955.5200 
  3.5321531e-05   2.5387446e-04   2.5193200e-04 
  2.7194329e-04  -1.9113654e-04  -7.6443773e-05 
  2.0983930e-04  -8.0165183e-05   5.8456144e-04 
mode:  139 freq=  959.9600 
 -2.7945860e-04  -9.3786671e-04  -8.2968870e-04 
 -8.4696505e-04  -2.1681566e-03   8.6003297e-04 
 -7.5377714e-04   8.7783976e-04  -2.3261948e-03 
mode:  140 freq=  960.6900 
 -6.8164096e-04   1.9575239e-04   1.0922658e-03 
  7.1961230e-05   3.9436623e-04  -5.8484106e-04 
  9.2997167e-04  -5.8813752e-04   1.5338334e-03 
mode:  141 freq=  964.6600 
  1.3348733e-04  -4.9905722e-05  -2.2683197e-04 
 -5.9697467e-06  -4.6022875e-04   2.6566172e-04 
 -2.3951491e-04   1.9078164e-04  -2.8558149e-04 
mode:  142 freq=  966.0700 
  6.6092914e-05  -1.1508693e-03  -1.5442839e-03 
 -1.0362038e-03  -1.8049109e-03   1.1285094e-03 
 -1.3654524e-03   9.8988871e-04  -3.1933583e-03 
mode:  143 freq=  984.5500 
 -7.3761643e-04   7.5420798e-04   1.7884248e-03 
  5.8394475e-04   1.1439563e-03  -1.1926398e-03 
  1.6113310e-03  -1.1218529e-03   2.9924777e-03 
mode:  144 freq=  988.0300 
 -1.0018356e-04  -1.9994905e-04  -6.2481864e-05 
 -2.0212283e-04  -1.0561697e-03   3.0068425e-04 
 -1.6682218e-04   1.7374458e-04  -3.0330477e-04 
mode:  145 freq=  991.3800 
 -3.9906710e-04  -8.1481068e-04  -5.1551458e-04 
 -7.4056700e-04  -2.3317551e-03   7.1731266e-04 
 -4.7954952e-04   8.2204209e-04  -1.9033229e-03 
mode:  146 freq=  992.3900 
 -2.1973803e-04   3.8479371e-04   6.4050099e-04 
  3.1328060e-04   1.7106555e-03  -6.6190859e-04 
  6.3020821e-04  -7.3016213e-04   1.4580354e-03 
mode:  147 freq= 1005.8200 
 -5.5161201e-04   6.3942959e-04   1.4561864e-03 
  5.8249832e-04  -6.1541301e-04  -5.0498582e-04 
  1.2052531e-03  -3.7697432e-04   2.0875330e-03 
mode:  148 freq= 1009.3300 
  1.1498592e-04  -1.0546846e-03  -1.2432228e-03 
 -9.5080646e-04  -1.9862337e-03   6.4828029e-04 
 -1.1509097e-03   7.8792710e-04  -2.4575204e-03 
mode:  149 freq= 1023.0700 
 -5.3348102e-04   1.8953755e-04   1.0043834e-03 
  7.4502503e-05   3.7559542e-04  -7.6253197e-04 
  8.6589165e-04  -6.7210562e-04   1.6253892e-03 
mode:  150 freq= 1031.2500 
 -1.2269933e-04   2.9627728e-04   3.2631378e-04 
  3.0849498e-04  -5.4250170e-04   6.1229675e-05 
  2.6484058e-04   4.9151648e-05   3.2657106e-04 
mode:  151 freq= 1033.4800 
 -6.9901212e-04  -6.2467606e-04  -1.7500405e-04 
 -6.0749310e-04  -2.5774265e-03   8.0822828e-04 
 -1.5273629e-04   8.9153745e-04  -1.8008305e-03 
mode:  152 freq= 1034.6500 
 -2.2375576e-04   7.9308312e-06  -2.1579448e-05 
 -6.2167215e-05   3.6056475e-04   6.1720816e-05 
  1.9739400e-05   5.2684284e-05  -3.2896861e-04 
mode:  153 freq= 1037.1800 
  7.5890584e-05   1.3457895e-04   3.4125263e-05 
  1.7477951e-04  -5.7275072e-04   1.5338135e-04 
 -4.5252036e-05   1.3315172e-04  -4.3460401e-05 
mode:  154 freq= 1037.5200 
 -1.0873943e-03  -2.3837676e-05   7.9075304e-04 
 -1.0023146e-04  -2.2723000e-03   3.8557419e-04 
  7.0762268e-04   5.4593010e-04  -4.7642862e-04 
mode:  155 freq= 1038.1300 
  9.3534814e-05  -3.6566334e-04  -6.5058381e-04 
 -3.5827830e-04   2.1575322e-04   3.4268515e-04 
 -5.7087950e-04   2.7561988e-04  -1.2073557e-03 
mode:  156 freq= 1038.7700 
  4.9331795e-05  -1.7202516e-04   1.1841501e-04 
 -1.2235758e-04  -1.0699660e-03  -1.3911935e-04 
  1.5763382e-05  -6.0185127e-05   4.6269487e-04 
mode:  157 freq= 1045.7300 
 -6.3690306e-04  -1.1407468e-03  -7.9681131e-04 
 -1.0782859e-03  -3.4822501e-03   1.2925935e-03 
 -7.0862298e-04   1.2766937e-03  -3.0302244e-03 
mode:  158 freq= 1050.4900 
 -1.1587054e-04  -5.7332263e-04  -6.9869848e-04 
 -5.8960097e-04  -6.0113060e-04   5.1826269e-04 
 -6.1052468e-04   4.3054405e-04  -1.5704517e-03 
mode:  159 freq= 1052.5300 
  5.0637416e-04  -4.6989564e-04  -6.9254790e-04 
 -3.3207362e-04  -3.5000801e-04   2.2514188e-05 
 -6.6084168e-04   1.7213232e-05  -2.6731468e-04 
mode:  160 freq= 1053.6900 
 -1.0021052e-03  -5.7617494e-04  -7.5552121e-05 
 -6.2599267e-04  -3.3256320e-03   1.1085866e-03 
 -4.3730776e-05   1.1745810e-03  -2.2748916e-03 
mode:  161 freq= 1060.5200 
  2.9450856e-05   3.4840993e-04   3.4047269e-04 
  3.2969463e-04   1.6771963e-03  -5.2202280e-04 
  2.8348436e-04  -4.7947775e-04   9.1731788e-04 
mode:  162 freq= 1063.6700 
  4.9708212e-05   2.0316691e-04  -3.1509212e-04 
  2.3366101e-04  -7.1004717e-04   3.2291825e-04 
 -2.6435029e-04   3.8945114e-04  -7.1795265e-04 
mode:  163 freq= 1065.3200 
 -3.7286293e-04  -2.3930222e-04   1.0154796e-04 
 -2.7245515e-04  -5.4357625e-04   2.2438328e-04 
  1.2173941e-04   2.4299286e-04  -4.4112335e-04 
mode:  164 freq= 1074.1300 
 -4.3389236e-04  -2.9535895e-04   1.7790102e-05 
 -3.3320225e-04  -9.7467880e-04   2.4268320e-04 
  2.1189824e-05   2.8311339e-04  -6.3546232e-04 
mode:  165 freq= 1088.1400 
 -1.3216513e-04   4.9330939e-04  -3.7044850e-05 
  4.3757158e-04  -9.8550780e-04   4.9554156e-04 
  3.0496834e-05   5.8917233e-04  -7.0200792e-04 
mode:  166 freq= 1092.2200 
 -8.8541872e-04   3.6007802e-04   9.7924789e-04 
  3.6077241e-04  -6.4675045e-04   2.1054625e-04 
  8.7510920e-04   2.7892275e-04  -7.3002480e-06 
mode:  167 freq= 1093.3100 
 -6.7903972e-05  -7.4828918e-04  -5.7006264e-04 
 -7.5653666e-04  -7.3822856e-04   1.4448208e-04 
 -5.1988775e-04   1.4403096e-04  -8.4267132e-04 
mode:  168 freq= 1100.4100 
  7.1278473e-05   1.1412930e-04  -4.3010815e-04 
  1.1871383e-04  -1.0404029e-03   6.2878252e-04 
 -3.6068410e-04   6.8193180e-04  -1.1225840e-03 
mode:  169 freq= 1121.3200 
 -5.7579615e-04   1.0711300e-04   5.3994723e-04 
  4.1304859e-05  -3.3141657e-04   5.5715373e-06 
  4.9729318e-04   6.0520237e-05   3.4835077e-05 
mode:  170 freq= 1122.6000 
 -7.5710876e-04   1.2756595e-04   5.4317122e-04 
 -1.3873953e-05  -1.2824340e-03   4.5546824e-04 
  4.7391576e-04   5.3849977e-04  -6.2973832e-04 
mode:  171 freq= 1128.5900 
 -9.9119337e-05   1.5158166e-04   1.1460639e-05 
  1.3088998e-04  -4.5547024e-04   1.5991458e-04 
  3.3218944e-05   1.7310229e-04  -1.6512361e-04 
mode:  172 freq= 1139.3500 
 -1.8233349e-04  -3.0387377e-04  -4.0918718e-05 
 -2.9615890e-04  -1.0840632e-04   4.5198710e-05 
 -4.4712602e-05   4.0344730e-05  -2.9600472e-04 
mode:  173 freq= 1144.9600 
 -2.1189941e-07  -4.3217576e-04  -4.9924304e-04 
 -4.5149213e-04  -6.6998532e-04   1.8056347e-04 
 -4.8156464e-04   2.0482099e-04  -8.5659989e-04 
mode:  174 freq= 1149.9200 
 -1.5710348e-04   2.0264599e-04   2.4003475e-04 
  1.6330095e-04  -2.0094361e-04   1.0799153e-05 
  2.4451796e-04   3.4280280e-05   2.6461105e-04 
mode:  175 freq= 1156.1600 
 -4.7930030e-04  -2.4287337e-04   3.8346911e-04 
 -2.9340885e-04  -1.2279697e-04  -8.0079833e-05 
  3.8068297e-04  -1.2263261e-04   2.5044675e-04 
mode:  176 freq= 1165.5200 
  3.9166986e-04  -1.2253690e-04  -3.4386148e-04 
 -1.6467586e-04   4.5357942e-04  -1.9720644e-04 
 -3.7830284e-04  -1.0414236e-04   2.4029659e-05 
mode:  177 freq= 1167.8900 
 -9.2175750e-05   9.3004787e-05   2.5159927e-04 
  8.4625402e-05   4.1872758e-04  -2.4371197e-05 
  2.8308416e-04   3.7516396e-05   3.6131044e-04 
mode:  178 freq= 1172.6500 
 -7.1021739e-04  -1.4784809e-04   5.3997906e-04 
 -2.2763884e-04  -6.2368057e-04  -5.0103502e-05 
  5.6018914e-04  -7.7522563e-05   4.0397970e-04 
mode:  179 freq= 1180.3300 
  2.1282580e-04  -3.9471436e-05  -1.5241493e-04 
 -6.7358131e-05   4.9781670e-04  -1.9610734e-04 
 -1.1922358e-04  -6.8435333e-05   3.1881506e-04 
mode:  180 freq= 1192.1100 
 -1.2962401e-05   2.6688849e-05   8.3279037e-05 
  1.3529354e-05   7.7977605e-05  -1.2345010e-04 
  7.8756117e-05  -1.3596755e-04   3.3350565e-04 
mode:  181 freq= 1195.8000 
 -1.2920442e-04  -4.6634970e-04   1.8907398e-05 
 -4.9946878e-04   4.3086123e-04  -2.6192835e-04 
  9.0895601e-06  -3.0250827e-04   1.8572814e-04 
mode:  182 freq= 1196.2700 
  9.9393171e-04  -2.8127113e-04  -8.9121365e-04 
 -3.0493866e-04   1.1483890e-03  -4.8292617e-04 
 -9.0948029e-04  -4.1654584e-04   7.8233362e-05 
mode:  183 freq= 1202.7500 
  1.5005440e-04  -1.7285872e-04  -1.7266328e-04 
 -1.7391414e-04   3.6782802e-04  -2.3690279e-04 
 -1.4511798e-04  -2.3146951e-04   3.3027835e-04 
mode:  184 freq= 1218.2900 
  5.1264128e-05  -5.8478672e-04  -6.5612214e-05 
 -6.0679951e-04   1.0638783e-03  -4.1526249e-04 
 -6.9062616e-05  -4.6653309e-04   4.9843490e-04 
mode:  185 freq= 1220.2800 
  1.2951479e-03  -6.5614040e-04  -1.4915132e-03 
 -6.0822184e-04   1.4381471e-03  -6.5889372e-04 
 -1.3983383e-03  -5.8710311e-04  -1.2379267e-04 
mode:  186 freq= 1221.8900 
 -9.2313686e-05  -1.6779767e-05   2.7791391e-04 
 -2.0841971e-05   3.3534875e-04  -7.0299374e-05 
  2.7905922e-04  -9.8276029e-05   4.3070762e-04 
mode:  187 freq= 1227.8900 
  3.2994101e-04  -5.2539755e-04  -3.9202544e-04 
 -4.8251785e-04   7.7571634e-04  -2.5453612e-04 
 -3.8616716e-04  -2.4958956e-04  -4.0873077e-05 
mode:  188 freq= 1237.3300 
  1.1725387e-03  -3.2042119e-04  -1.0307541e-03 
 -2.7975202e-04   1.1792838e-03  -4.2123733e-04 
 -1.0512326e-03  -3.5836828e-04  -6.2135138e-05 
mode:  189 freq= 1237.5900 
  6.2826613e-05  -5.2360713e-04   7.3357092e-05 
 -4.6241325e-04   1.1453378e-03  -2.4276090e-04 
  7.0000804e-05  -2.9612981e-04   4.8858923e-04 
mode:  190 freq= 1239.3200 
  6.5079466e-04  -9.1057248e-04  -8.2829654e-04 
 -7.8550653e-04   1.2265867e-03  -3.7969980e-04 
 -7.8020385e-04  -3.5688945e-04  -2.0793099e-04 
mode:  191 freq= 1262.1000 
  1.7529054e-03  -6.8902211e-04  -1.9188062e-03 
 -5.2583204e-04   1.3234075e-03  -4.7125039e-04 
 -1.8401963e-03  -3.7822376e-04  -5.3833146e-04 
mode:  192 freq= 1263.0100 
  2.7603887e-04  -4.0695699e-04  -4.1845358e-04 
 -3.9410531e-04   4.1717643e-04  -3.9064504e-04 
 -4.3514222e-04  -4.3662908e-04   9.7779314e-05 
mode:  193 freq= 1266.9600 
  6.7914558e-04  -1.6192787e-04  -6.0231108e-04 
 -1.4427711e-04   7.3788380e-04  -2.8608722e-04 
 -6.2792778e-04  -2.3395051e-04   1.0980033e-04 
mode:  194 freq= 1271.0100 
  1.2922305e-04   1.3267079e-04  -5.4827665e-05 
  1.0012682e-04   2.2179893e-04   2.4935853e-05 
 -4.4583970e-05   1.0035824e-06  -6.9666783e-06 
mode:  195 freq= 1273.1100 
  2.1756727e-04  -2.1885422e-04  -2.0713843e-04 
 -1.9050868e-04   6.4383946e-04  -6.2997251e-04 
 -2.6965687e-04  -8.1731194e-04   6.0375425e-04 
mode:  196 freq= 1283.6600 
  6.4307971e-04  -1.9795347e-04  -5.6695096e-04 
 -1.9889034e-04   8.4099035e-04  -6.1970539e-04 
 -6.3532278e-04  -5.8747617e-04   5.7496774e-04 
mode:  197 freq= 1290.5300 
 -7.6258009e-05   3.3781233e-04   2.6675941e-04 
  3.5772271e-04   2.6237874e-04   6.1339097e-05 
  2.3299178e-04  -9.0438932e-05   1.8058775e-04 
mode:  198 freq= 1294.5600 
  2.8645819e-04  -1.4883161e-04  -2.2106633e-04 
 -1.2802318e-04   6.3679215e-04  -2.8687460e-04 
 -2.7999753e-04  -3.1579039e-04   1.7150212e-04 
mode:  199 freq= 1295.8300 
  7.5199459e-04  -4.7452104e-05  -5.8472104e-04 
 -3.0432705e-05   8.8421056e-04  -1.6711071e-04 
 -6.4565540e-04  -1.5677412e-04  -3.4669957e-05 
mode:  200 freq= 1308.6200 
  6.8042900e-05   5.1206825e-05  -8.5843986e-05 
  4.0012445e-05   6.6994642e-05  -6.0122671e-05 
 -5.0616287e-05  -7.2775484e-05   2.9008100e-05 
mode:  201 freq= 1317.8300 
  3.9789751e-04   7.2746613e-05  -1.1679232e-04 
  8.9898047e-05   9.0275422e-04  -3.2896700e-04 
 -1.8415049e-04  -3.8340931e-04   4.1882027e-04 
mode:  202 freq= 1319.8500 
  6.4236918e-04   1.1330784e-04  -2.8363729e-04 
  1.0863012e-04   8.4548975e-04  -1.7676193e-04 
 -4.4049992e-04  -2.3735447e-04   2.4783404e-04 
mode:  203 freq= 1325.3400 
 -3.2175004e-04  -3.8470360e-04  -4.3964071e-05 
 -3.1055454e-04  -7.1164966e-04   1.4115626e-05 
  9.5339521e-06  -1.9494873e-05  -2.0182976e-04 
mode:  204 freq= 1334.1500 
  2.3034941e-04  -1.0214891e-04  -6.7505831e-05 
 -3.2211110e-05   7.9840036e-04  -3.2669337e-04 
 -1.1190501e-04  -3.3058741e-04   3.0940054e-04 
mode:  205 freq= 1334.3600 
  6.7549190e-04  -1.0926748e-04  -5.3997754e-04 
 -1.0407543e-04   9.9183319e-04  -3.8237818e-04 
 -5.2295205e-04  -4.2290807e-04   3.1788210e-04 
mode:  206 freq= 1337.3400 
  1.2226589e-04   1.8816558e-04   4.4795525e-06 
  1.9247694e-04   2.8419960e-04   4.5447791e-05 
  5.0130098e-05   5.2452760e-05  -2.2189092e-05 
mode:  207 freq= 1343.1600 
  5.2128140e-04   1.6936430e-04   4.2403971e-05 
  2.0520832e-04   1.5123245e-03  -3.4753266e-04 
  3.5619024e-06  -3.8441124e-04   8.5235503e-04 
mode:  208 freq= 1358.7100 
  6.6577028e-04   4.3749330e-05  -3.2432381e-04 
  1.6270869e-05   1.1914976e-03  -6.6190273e-04 
 -3.9852112e-04  -7.4861811e-04   8.3108539e-04 
mode:  209 freq= 1383.3300 
  6.5176392e-06  -2.4929793e-05  -1.2434775e-04 
  1.3440539e-05   1.4040123e-05   1.1511259e-04 
 -6.8960207e-05   1.7431147e-04  -4.1466705e-04 
mode:  210 freq= 1384.5900 
 -3.4568943e-05  -1.4330371e-04   6.6988821e-05 
 -1.0136720e-04   3.6652005e-04  -1.9432609e-04 
  6.9877280e-05  -2.4343948e-04   1.7529867e-04 
mode:  211 freq= 1388.9300 
  3.4360646e-04  -2.0848253e-04  -3.9756488e-04 
 -2.0164993e-04   4.1920371e-04  -1.1982415e-04 
 -3.5701981e-04  -1.1596108e-04  -1.2263683e-04 
mode:  212 freq= 1390.4700 
  2.3207073e-04   2.0207169e-04   2.3504753e-05 
  2.0982536e-04   4.6461907e-04   1.0038258e-05 
  7.1694034e-06  -1.4672247e-06   1.9871572e-04 
mode:  213 freq= 1390.9100 
  1.8282080e-04  -6.9759054e-05  -7.7691232e-05 
 -6.2790338e-05   4.6184647e-04  -1.9614843e-04 
 -9.7383962e-05  -2.1471460e-04   2.1455399e-04 
mode:  214 freq= 1396.3000 
  3.9556330e-04  -1.0685861e-04  -3.3763318e-04 
 -6.1225861e-05   2.5032506e-04   1.0583848e-04 
 -3.2176770e-04   1.6022940e-04  -3.1311639e-04 
mode:  215 freq= 1396.8600 
  1.6572085e-04   2.1192395e-04   4.9403266e-05 
  2.1552110e-04   5.1416586e-04  -1.0469210e-04 
  4.6610617e-05  -1.2624041e-04   2.9677425e-04 
mode:  216 freq= 1397.3200 
  2.8138961e-04  -1.4009625e-05  -9.4415049e-05 
 -3.6976750e-06   6.7943941e-04  -3.4471569e-04 
 -1.2102125e-04  -3.6134512e-04   4.2638058e-04 
mode:  217 freq= 1402.4500 
  2.6765874e-04  -1.2755748e-04  -2.5385050e-04 
 -1.2251995e-04   1.0606686e-04  -1.6032172e-04 
 -2.0854205e-04  -1.4831424e-04   1.2620276e-04 
mode:  218 freq= 1403.9600 
 -3.3405741e-05   5.2545735e-05  -9.3466607e-06 
  3.4522534e-05  -1.2605662e-04   7.4677005e-05 
 -9.0960012e-06   5.0354854e-05  -1.1669227e-04 
mode:  219 freq= 1408.8700 
  2.7516176e-04  -1.7831041e-04  -3.1667241e-04 
 -1.5971301e-04   3.2713542e-04  -3.6306925e-04 
 -3.4310911e-04  -3.7726371e-04   1.7057417e-04 
mode:  220 freq= 1410.8900 
  7.5371479e-04   2.6916582e-04  -4.4027269e-04 
  2.8998940e-04   7.3638878e-04  -3.1343804e-04 
 -3.7899289e-04  -2.6839832e-04   4.9887948e-04 
mode:  221 freq= 1412.6300 
 -8.5229167e-05  -1.9189404e-05   1.7271711e-04 
 -1.6592682e-05   1.4155984e-04   4.5969537e-05 
  1.7236509e-04  -1.6107437e-05   4.7850744e-05 
mode:  222 freq= 1416.9200 
  1.7901825e-04  -1.7847930e-05   3.1086995e-05 
 -7.6019559e-06   8.9085238e-04  -2.9221222e-04 
  3.2425148e-05  -2.9292266e-04   4.1249937e-04 
mode:  223 freq= 1417.4300 
  8.2938818e-05   2.1708266e-04   3.2435173e-04 
  1.6624637e-04   8.7204515e-04  -2.7909076e-04 
  3.3258843e-04  -2.5094509e-04   7.5803622e-04 
mode:  224 freq= 1428.9000 
  1.0495642e-04   2.3588420e-04   7.6073507e-05 
  2.6321975e-04   1.9590007e-04   8.3855765e-05 
  7.6342076e-05   5.2229434e-05   9.7271467e-05 
mode:  225 freq= 1431.0400 
  2.8803730e-04  -2.0166043e-04  -1.7314121e-04 
 -1.5278649e-04   8.2477009e-04  -3.3749229e-04 
 -1.6016625e-04  -3.4295586e-04   3.1739060e-04 
mode:  226 freq= 1431.9600 
  2.9083884e-04  -2.5507608e-04  -2.7432282e-04 
 -2.1809765e-04   6.2735686e-04  -2.0032906e-04 
 -1.4354398e-04  -1.8412137e-04   2.3949630e-04 
mode:  227 freq= 1456.3500 
 -7.7388780e-05   1.6247694e-04   4.4712345e-05 
  1.4575732e-04  -2.9532972e-04   1.2268706e-04 
  4.9375989e-05   8.9396904e-05  -1.5488377e-04 
mode:  228 freq= 1463.3700 
 -2.6625040e-05  -9.1807156e-05   1.5492602e-04 
 -9.5586503e-05   4.9841663e-04  -2.4784930e-04 
  1.3703607e-04  -2.8998342e-04   3.5981649e-04 
mode:  229 freq= 1464.5300 
  4.6757120e-05  -3.0037324e-05   2.6426350e-04 
 -2.6798954e-05   6.5408287e-04   4.9887696e-05 
  2.5971170e-04   7.4689119e-05   1.6810876e-04 
mode:  230 freq= 1468.7800 
  4.9146588e-05   3.0830392e-05  -2.3221458e-04 
  4.8068670e-05  -2.6439487e-04  -2.1186355e-05 
 -2.0754134e-04  -4.0031458e-05  -2.0041109e-04 
mode:  231 freq= 1469.8100 
 -2.9545895e-04  -5.9669235e-05   3.9943953e-04 
 -1.8895593e-05   3.1651925e-04   7.0220683e-05 
  3.8909089e-04   8.2224775e-05   8.6098019e-05 
mode:  232 freq= 1473.1900 
  1.1604067e-04  -2.8029551e-04   1.5322835e-04 
 -2.7868422e-04   1.1464644e-03   1.3891269e-04 
  2.0444416e-04   1.1338484e-04   2.8171539e-05 
mode:  233 freq= 1473.5300 
  9.7720212e-05   4.7662142e-04   1.6229346e-04 
  4.7769813e-04   3.9214372e-05   5.4749156e-05 
  1.5854380e-04   8.1342461e-05   2.7485710e-04 
mode:  234 freq= 1476.0900 
 -3.0305738e-04  -2.7134592e-04   1.2127896e-04 
 -1.4530656e-04  -8.8880689e-05   2.2452436e-04 
  6.7620905e-05   3.1092639e-04  -4.7319706e-04 
mode:  235 freq= 1476.2200 
  1.6705632e-05  -6.3433234e-04  -1.0548798e-04 
 -6.4560142e-04   1.0221942e-03   1.2933040e-04 
  3.7142567e-05   3.7856149e-05  -3.4884936e-04 
mode:  236 freq= 1476.8300 
  7.7898891e-05   5.8467183e-04   1.8189924e-04 
  7.0297140e-04  -3.4466432e-04   2.6700975e-04 
  8.0229427e-05   4.1139307e-04   2.9862860e-05 
mode:  237 freq= 1477.5100 
 -1.8447701e-04  -1.6380789e-04   9.4052548e-05 
 -1.2952724e-04  -3.0854074e-05   1.2570181e-04 
  1.1308655e-04   1.9944812e-04  -2.8879930e-04 
mode:  238 freq= 1479.5900 
 -1.5890464e-04  -2.5541422e-05   1.9639562e-04 
 -3.2289910e-05   1.4015765e-04   1.2447743e-04 
  2.1307583e-04   1.2387302e-04  -1.3000642e-04 
mode:  239 freq= 1481.1400 
  8.3441261e-05   3.5698621e-04   9.4916165e-05 
  3.2760462e-04  -9.9313861e-05  -5.5476237e-05 
  8.3510492e-05  -9.3434324e-05   2.7544687e-04 
mode:  240 freq= 1482.7000 
  1.6192122e-04   2.3313353e-04  -2.0594087e-04 
  1.9468899e-04  -4.0492097e-04  -1.6721909e-05 
 -1.6956737e-04   1.7002345e-05  -5.1214284e-05 
mode:  241 freq= 1485.1200 
 -7.0258608e-04   1.3221934e-04   5.4861406e-04 
  1.2592109e-04  -6.4799932e-04   1.4778186e-04 
  5.1730776e-04   1.5847884e-04   3.8217063e-05 
mode:  242 freq= 1491.7400 
 -3.3441394e-04   3.0782319e-04   4.3030156e-04 
  2.6890841e-04  -2.9016435e-04   2.7091922e-05 
  3.9591071e-04  -1.0337828e-05   2.9549179e-04 
mode:  243 freq= 1495.2200 
  6.8832692e-04   7.8775441e-04  -7.0301871e-04 
  7.0525513e-04  -7.4897566e-04  -1.3205669e-04 
 -7.0383729e-04  -1.1001019e-04   1.5012977e-05 
mode:  244 freq= 1496.1500 
 -7.7945079e-04   1.3695382e-04   6.6347869e-04 
  1.7511065e-04  -5.9938628e-04   9.8860292e-05 
  6.0187160e-04   1.2522797e-04   1.2514972e-04 
mode:  245 freq= 1497.1000 
 -1.2726480e-03   3.9458074e-04   1.5054154e-03 
  4.6826394e-04  -6.4576597e-04   1.8404447e-04 
  1.3985535e-03   1.7922549e-04   7.9526113e-04 
mode:  246 freq= 1498.4200 
  8.4306135e-04   1.5811314e-03  -5.0773845e-04 
  1.4438438e-03  -1.1611368e-03  -1.8608360e-04 
 -5.9439258e-04  -2.5268857e-04   6.8020214e-04 
mode:  247 freq= 1502.8900 
 -6.0785090e-04  -3.2283606e-04   2.9301405e-04 
 -2.8149990e-04  -3.1763759e-04   8.1747338e-05 
  2.9470774e-04   1.5437800e-04  -3.2704317e-04 
mode:  248 freq= 1503.7200 
 -1.9635095e-03   5.2869834e-04   2.3043978e-03 
  6.9069773e-04  -1.0931732e-03   3.9294454e-04 
  2.0400947e-03   3.5877186e-04   1.1318678e-03 
mode:  249 freq= 1505.0500 
  1.1902955e-03   8.1832382e-04  -8.0938316e-04 
  7.0890176e-04   4.6988418e-04  -4.1969504e-04 
 -8.0300565e-04  -4.1545642e-04   4.7868460e-04 
mode:  250 freq= 1505.1200 
 -8.5132507e-04   4.5943315e-04   7.8764275e-04 
  4.6618553e-04  -1.2554499e-03   1.2792802e-04 
  6.8230801e-04   1.1161680e-04   2.6820304e-04 
mode:  251 freq= 1506.2200 
 -1.3450447e-03   4.0038824e-05   1.1103984e-03 
  1.2963907e-04  -1.2611766e-03   3.5275942e-04 
  1.0550707e-03   3.9445587e-04   2.0373074e-05 
mode:  252 freq= 1507.9100 
  1.3503156e-03   1.6749576e-03  -3.9124906e-04 
  1.4626841e-03   6.3396675e-04  -7.4055403e-04 
 -4.4507875e-04  -8.0062935e-04   1.7043550e-03 
mode:  253 freq= 1511.6200 
 -1.2554727e-03   6.3759855e-04   1.2549188e-03 
  6.6137461e-04  -1.6559677e-03   2.2071433e-04 
  1.1020009e-03   1.9318497e-04   5.4569479e-04 
mode:  254 freq= 1512.1000 
 -2.2855380e-03  -2.2216292e-04   1.7151906e-03 
 -4.8898165e-05  -2.3182445e-03   7.6529570e-04 
  1.6523737e-03   8.4293686e-04  -3.5079463e-04 
mode:  255 freq= 1513.8600 
  5.9062125e-04  -1.2199803e-04  -7.3862435e-04 
 -9.8555053e-05   2.8791017e-04  -3.2032223e-05 
 -6.9789397e-04   6.5056177e-05  -5.1787891e-04 
mode:  256 freq= 1515.5400 
 -1.0432567e-03   9.5802659e-04   1.0904248e-03 
  9.2490908e-04  -1.7750542e-03   7.4650511e-05 
  9.7686807e-04   5.4423953e-05   7.1947911e-04 
mode:  257 freq= 1516.2200 
 -8.5244923e-04   5.7326826e-04   9.7538533e-04 
  5.7256223e-04  -9.9328132e-04   2.1454849e-04 
  9.5693136e-04   1.8306140e-04   4.9207381e-04 
mode:  258 freq= 1533.2300 
  4.0437584e-04  -3.0265259e-04  -6.5667532e-04 
 -2.5260722e-04   4.4213833e-04  -1.3824125e-04 
 -6.0967632e-04  -8.0122870e-06  -4.9045414e-04 
mode:  259 freq= 1539.2500 
 -5.1938568e-04   7.8978749e-04   4.8605432e-04 
  7.5159061e-04  -1.3966454e-03  -1.4344540e-04 
  4.1115783e-04  -9.0017420e-05   4.3481495e-04 
mode:  260 freq= 1579.5100 
 -1.2178382e-03   8.5642945e-04   1.4418976e-03 
  8.6611432e-04  -1.5026579e-03   4.2882704e-04 
  1.4110496e-03   3.9040801e-04   6.7366540e-04 
mode:  261 freq= 1644.9600 
 -1.4784321e-04  -2.0626254e-04   2.8506039e-04 
 -1.7433164e-04   5.0607704e-04   6.6140459e-05 
  2.6576376e-04   9.8609742e-05   6.1092237e-05 
mode:  262 freq= 1646.3900 
 -5.4171785e-04   6.9653540e-04   4.9237271e-04 
  6.1421945e-04  -1.3421028e-03   2.6259675e-05 
  3.9916182e-04  -2.2234149e-05   3.5666138e-04 
mode:  263 freq= 1649.6500 
 -3.1184748e-04   5.3348823e-04   3.4254414e-04 
  4.9120940e-04  -8.0316196e-04   2.0356146e-04 
  3.3858707e-04   1.6785401e-04   1.7703869e-04 
mode:  264 freq= 1650.7800 
 -6.6531178e-04  -4.2029491e-04   8.9118209e-04 
 -3.8668094e-04   9.1351815e-04   5.3176650e-05 
  7.6865476e-04   2.7431552e-05   4.2359211e-04 
mode:  265 freq= 1654.7800 
 -4.6056789e-04   8.2187784e-04   3.7831271e-04 
  7.5588409e-04  -1.5738676e-03   2.7965809e-05 
  3.3376120e-04   2.2912524e-05   2.7074883e-04 
mode:  266 freq= 1666.4500 
  6.0333335e-05   7.8984329e-04   1.4292851e-04 
  6.9414140e-04  -5.0773112e-04   2.2780979e-04 
  9.2766155e-05   1.1943362e-04   3.6994504e-04 
mode:  267 freq= 1667.8600 
 -7.0854442e-05  -1.1683099e-04   1.9125409e-04 
 -1.1565149e-04   2.7440663e-04   4.7837704e-05 
  1.9024020e-04   5.7883103e-05   5.2074279e-05 
mode:  268 freq= 1669.9600 
 -2.7725085e-04   2.2400852e-04   1.5286497e-04 
  1.7438983e-04  -5.3304522e-04   6.4569631e-06 
  1.1752900e-04  -1.7990595e-06   2.7650242e-05 
mode:  269 freq= 1671.9500 
 -2.6878013e-05   3.0635914e-04   7.4442936e-05 
  2.6653046e-04  -2.7452327e-04   1.0783985e-04 
  8.4419193e-05   9.4202703e-05  -1.3249048e-05 
mode:  270 freq= 1678.5400 
 -5.6009850e-04  -1.8159814e-04   4.3566262e-04 
 -1.8385569e-04  -5.3711785e-04   3.9793373e-04 
  4.2997702e-04   4.1702848e-04  -4.1721233e-04 
mode:  271 freq= 1705.8100 
 -2.2794371e-04   2.2219598e-04   3.5292806e-04 
  1.8846563e-04   2.0400671e-05   1.4531510e-06 
  3.2505558e-04  -2.6270526e-05   2.6339638e-04 
mode:  272 freq= 3001.5800 
  2.7627920e-05   3.3241166e-04   2.8662215e-04 
  3.2977849e-04   2.6878646e-04  -1.2201641e-05 
  2.6633330e-04  -1.5584143e-05   3.5691090e-04 
mode:  273 freq= 3030.4300 
 -2.8277315e-04  -3.7210379e-04  -4.9011845e-05 
 -3.6249608e-04  -5.5187143e-04   4.0600907e-04 
 -6.4452086e-05   4.1165545e-04  -7.7887100e-04 
mode:  274 freq= 3030.8200 
 -7.4388685e-05   1.1484135e-04  -1.0918069e-05 
  5.9350535e-05  -3.5175763e-04   2.0095782e-04 
 -4.2677534e-05   1.5955999e-04  -2.1167775e-04 
mode:  275 freq= 3046.1000 
  1.2818283e-04   1.3543192e-04   2.3782496e-04 
  1.6455213e-04   8.4385122e-04  -1.4003584e-04 
  2.7821744e-04  -1.2982605e-04   4.7579124e-04 
mode:  276 freq= 3048.0000 
 -4.2936232e-04  -2.9119304e-04   2.8263620e-05 
 -3.1684293e-04  -9.3935052e-04   5.2343095e-04 
  3.3722098e-05   4.8784171e-04  -8.6880526e-04 
mode:  277 freq= 3053.7200 
  3.2756845e-05  -1.4210029e-04  -2.4537144e-04 
 -1.8318168e-04  -7.2940239e-05   2.2588543e-04 
 -2.1513673e-04   2.4191111e-04  -5.2215163e-04 
mode:  278 freq= 3062.0200 
  3.5798148e-04  -2.1301935e-04  -7.1826529e-05 
 -1.4032255e-04   1.4793271e-03  -2.0885821e-04 
  2.5549545e-05  -1.0538461e-04   2.2270415e-04 
mode:  279 freq= 3062.1100 
 -1.1617546e-04  -7.1776191e-04  -4.1370689e-04 
 -7.2905399e-04  -2.4506340e-04   3.8433916e-04 
 -3.0343681e-04   4.4381849e-04  -1.0091377e-03 
mode:  280 freq= 3062.4000 
 -2.0591046e-04   4.0296838e-04   1.5030462e-04 
  3.5294790e-04  -9.2634605e-04   2.5998247e-04 
  5.2450449e-05   1.8768746e-04  -1.4693650e-04 
mode:  281 freq= 3072.6900 
  1.1736408e-04   1.3986616e-04   3.4593287e-04 
  1.7800761e-04   1.0683027e-03  -1.6550418e-04 
  3.6507272e-04  -1.6606532e-04   5.6937961e-04 
mode:  282 freq= 3072.8600 
 -2.5668970e-04  -3.6908062e-04   9.4872163e-05 
 -3.5067836e-04  -1.4846002e-04   2.5487355e-04 
  9.6901109e-05   2.7319522e-04  -3.6501468e-04 
mode:  283 freq= 3076.9000 
 -1.7764305e-04   1.0383905e-04  -2.0817468e-04 
  5.3278310e-05  -9.9464700e-04   4.4185411e-04 
 -2.1573791e-04   4.0146287e-04  -8.0807976e-04 
mode:  284 freq= 3077.5700 
  1.6536161e-04   2.9907743e-05  -3.9219856e-05 
  7.7888552e-05   5.1545053e-04  -3.2490599e-05 
  1.1051706e-05   4.8813148e-05   5.9530546e-05 
mode:  285 freq= 3107.5800 
 -3.7027454e-04  -1.1160566e-04   1.2742996e-04 
 -1.5586202e-04  -6.9409568e-04   4.0468914e-04 
  9.2175592e-05   3.6124658e-04  -5.4991315e-04 
mode:  286 freq= 3107.7400 
 -1.1214065e-04   8.7320712e-05   3.3720506e-04 
  8.5866677e-05   4.9297164e-04  -1.5200277e-04 
  3.2835181e-04  -1.4962316e-04   4.3614868e-04 
mode:  287 freq= 3109.9800 
  2.7343190e-05   2.0282045e-04   2.1370276e-04 
  1.8359319e-04   5.3043011e-04  -3.6817732e-05 
  2.5881574e-04  -3.2818485e-05   3.2648910e-04 
mode:  288 freq= 3110.7500 
 -3.2164083e-04  -1.5006952e-04  -3.0189350e-05 
 -2.0211462e-04  -7.9172834e-04   3.2193868e-04 
 -1.3867116e-05   2.8680885e-04  -5.7196600e-04 
mode:  289 freq= 3111.6800 
 -3.1433265e-04   7.4722836e-05   4.9281627e-04 
  9.4036603e-05   3.4025068e-04  -2.5886664e-04 
  5.0627786e-04  -2.5425581e-04   6.1764920e-04 
mode:  290 freq= 3131.7100 
  3.2775999e-04   1.4277738e-04  -2.4561563e-04 
  8.8524228e-05   4.9413239e-04  -7.2376816e-05 
 -1.3107587e-04  -5.8615106e-05   7.9525265e-05 
mode:  291 freq= 3133.9800 
 -5.5962790e-04  -8.8531493e-05   4.9854363e-04 
 -1.2898880e-04  -5.1772568e-04   4.8534584e-04 
  4.2912677e-04   4.6606008e-04  -3.0750628e-04 
mode:  292 freq= 3135.8300 
 -1.0316914e-04   3.9927479e-04   4.8384497e-04 
  4.1671331e-04   2.2082233e-04  -1.9561132e-04 
  4.0751515e-04  -2.6797053e-04   7.2248562e-04 
mode:  293 freq= 3136.0500 
  1.2789548e-04  -1.2073315e-04  -1.3644231e-04 
 -1.6100597e-04   7.0082754e-04  -4.1339969e-05 
 -1.2178548e-05   2.7077207e-05  -8.3448257e-05 
mode:  294 freq= 3139.8400 
 -1.6407394e-04  -2.8735180e-04  -2.1731685e-04 
 -3.7966460e-04  -4.6843985e-04   3.6663441e-04 
 -1.2692266e-04   3.3684027e-04  -6.3673907e-04 
mode:  295 freq= 3140.7300 
 -2.7867781e-04  -1.9625448e-04   3.3136250e-04 
 -2.1828952e-04   6.5077593e-04  -1.2326286e-04 
  4.2292906e-04  -7.1983900e-05   3.1231048e-04 
mode:  296 freq= 3143.4500 
 -2.1876489e-04   9.1807864e-05   4.1616090e-04 
  8.9319416e-05   4.9704603e-04   7.3132254e-06 
  4.4069887e-04   4.9872514e-05   2.6071844e-04 
mode:  297 freq= 3143.8100 
  1.4924544e-04  -2.5988643e-04  -3.0486389e-04 
 -2.8291415e-04   1.2622654e-04  -1.3346717e-04 
 -2.9919605e-04  -3.8034402e-05  -1.2203464e-04 
mode:  298 freq= 3148.5300 
 -4.3211635e-05  -9.1388569e-05   7.8855623e-05 
 -1.0630579e-04   3.2773291e-04   1.0792805e-04 
  9.8504165e-05   9.1528168e-05  -1.2521619e-04 
mode:  299 freq= 3148.5600 
 -5.3550232e-04   8.4073090e-04   7.6334948e-04 
  8.3622807e-04  -9.4673726e-04   1.7143954e-04 
  6.5576451e-04   1.0180149e-04   5.0110138e-04 
mode:  300 freq= 3149.0100 
  5.8062326e-04  -2.2115685e-04  -6.6433780e-04 
 -2.0826266e-04   4.2791984e-04  -2.1448333e-04 
 -5.9349960e-04  -2.7583351e-05  -1.9542492e-04 
mode:  301 freq= 3150.2900 
  7.6716659e-05  -1.4563987e-04  -4.4189435e-05 
 -1.9709125e-04   1.6262745e-04   2.1407946e-04 
  5.1100501e-05   1.5689054e-04  -2.9085738e-04 
mode:  302 freq= 3159.9500 
 -2.6255403e-04   8.4520748e-04   5.3902132e-04 
  8.3120094e-04  -9.1850706e-04   2.1567783e-04 
  5.3609774e-04   1.4826730e-04   3.8124670e-04 
mode:  303 freq= 3160.4300 
 -4.8018462e-04  -2.0139813e-04   3.1349521e-04 
 -2.0835773e-04   9.3864150e-06  -1.3270906e-04 
  2.4011659e-04   4.6003355e-05   2.2042889e-04 
mode:  304 freq= 3160.5400 
 -3.5122584e-04  -5.1166478e-05   3.7455470e-04 
 -2.1690653e-05   3.3815104e-04   4.6438962e-05 
  3.2026193e-04   1.0409200e-04   7.8562411e-05 
mode:  305 freq= 3170.1600 
 -1.0505878e-03   8.2756109e-04   1.2421978e-03 
  7.9539877e-04  -1.1464065e-03   2.3087201e-04 
  1.0794032e-03   2.2339476e-04   6.9488042e-04 
mode:  306 freq= 3172.4600 
 -7.0286283e-04  -6.6980090e-05   5.5738116e-04 
 -1.0066876e-04  -3.6276097e-04  -2.3886066e-05 
  4.4105899e-04   3.7790602e-05   2.7179430e-04 
mode:  307 freq= 3195.5700 
 -4.9177997e-04  -1.9794623e-05   4.6098784e-04 
 -5.5035473e-05  -3.3304588e-04   2.6411171e-04 
  4.5896462e-04   1.2182239e-04  -1.0075164e-04 
mode:  308 freq= 3196.2200 
  2.8520545e-04   6.5411310e-04  -8.1209066e-05 
  6.5714545e-04  -5.8583802e-04   9.9394850e-05 
 -4.1900631e-05   2.1475410e-05   7.8734836e-05 
mode:  309 freq= 3203.7300 
 -7.8600615e-05  -8.6321233e-05   7.0895140e-05 
 -9.4587180e-05   1.1100659e-04  -1.2508001e-04 
  7.3772002e-05  -1.6982729e-04   1.4260940e-04 
mode:  310 freq= 3209.6200 
  4.8277392e-05   3.7757955e-05   1.2929205e-04 
  1.0226857e-05   3.0780024e-04  -3.1003793e-06 
  1.3607498e-04  -4.9725932e-06   1.6479421e-04 
mode:  311 freq= 3209.7400 
  6.5954529e-05  -3.9571666e-05  -1.5275055e-04 
 -3.4603372e-05  -4.6878228e-05  -6.0650961e-05 
 -1.6319076e-04  -5.8122942e-05  -7.5255391e-05 
mode:  312 freq= 3209.9600 
 -9.0754786e-05  -1.7466528e-04   2.3852193e-04 
 -9.4691344e-05   5.2548765e-04  -1.1579730e-04 
  1.5534838e-04  -5.7427561e-05   9.8162038e-05 
mode:  313 freq= 3211.6300 
 -1.6828500e-04   4.2693484e-04   6.7003530e-04 
  3.3077577e-04   5.7396357e-04  -6.7351662e-05 
  6.0093002e-04  -7.0552331e-05   6.4717192e-04 
mode:  314 freq= 3216.0100 
  8.5627881e-05   1.1731007e-04  -8.6804348e-05 
  1.6017070e-04  -1.5566084e-04   1.0647489e-04 
 -9.9581563e-05   6.4722498e-05  -1.1783432e-04 
mode:  315 freq= 3218.9700 
  3.2828820e-04  -3.4180280e-06  -3.3435876e-04 
 -1.8356748e-05   1.3210025e-04  -2.0009441e-04 
 -3.5961864e-04  -2.8215207e-04   1.7341914e-04 
mode:  316 freq= 3219.0800 
  7.1649682e-04   2.4866376e-04  -5.2146471e-04 
  2.8971527e-04   5.2060933e-04  -1.1636662e-04 
 -4.6284962e-04  -6.3577042e-05   9.8108757e-05 
mode:  317 freq= 3224.0600 
 -9.6392545e-05   6.8315310e-05   1.8264693e-04 
  8.3810566e-07   8.8369560e-05   2.1311086e-05 
  1.8747472e-04  -8.3324044e-05   1.4027367e-04 
mode:  318 freq= 3225.2400 
  1.5610682e-04   7.0965661e-07  -1.7600440e-05 
  1.0932254e-05   5.4742965e-04  -2.9671049e-04 
 -4.2556128e-05  -2.9696481e-04   3.6589881e-04 
mode:  319 freq= 3225.6600 
  2.7362971e-04   3.5847910e-04   1.5324100e-04 
  3.0679834e-04   6.8199222e-04  -3.6906538e-04 
  1.5934780e-04  -3.5991168e-04   8.8106129e-04 
mode:  320 freq= 3226.8700 
 -3.7913495e-05   1.7572998e-05   4.0873433e-05 
  6.1263708e-05  -8.4085672e-05   1.7383644e-04 
  4.1046550e-05   1.5501612e-04  -2.0657703e-04 
mode:  321 freq= 3227.1300 
  2.7830036e-04   1.5992422e-04   1.2819392e-05 
  7.8137358e-05   7.9160645e-04  -3.1987439e-04 
  1.1445851e-05  -3.8389421e-04   5.9169479e-04 
mode:  322 freq= 3236.1600 
  2.0136026e-04   7.3837984e-04   4.9587414e-04 
  6.5141241e-04   7.0397275e-04  -4.8748335e-04 
  4.0466504e-04  -4.4574015e-04   1.2874652e-03 
mode:  323 freq= 3236.9600 
 -1.3049477e-04   5.3578040e-05  -7.8933888e-05 
  8.9089653e-05  -5.5504390e-04   2.5683015e-04 
 -1.0591032e-04   2.4867475e-04  -5.3886504e-04 
