unit: cm^{-1}, only max(dg)>1.000e-04 are saved; dg/dQ_alpha * Q_alpha 
mode:   11 freq=   20.8900 
  0.0000000e+00   0.0000000e+00   0.0000000e+00 
  0.0000000e+00   0.0000000e+00   0.0000000e+00 
  0.0000000e+00   0.0000000e+00   0.0000000e+00 
mode:   12 freq=   27.5300 
  0.0000000e+00   0.0000000e+00   0.0000000e+00 
  0.0000000e+00   0.0000000e+00   0.0000000e+00 
  0.0000000e+00   0.0000000e+00   0.0000000e+00 
mode:   13 freq=   35.5700 
  0.0000000e+00   0.0000000e+00   0.0000000e+00 
  0.0000000e+00   0.0000000e+00   0.0000000e+00 
  0.0000000e+00   0.0000000e+00   0.0000000e+00 
mode:   14 freq=   45.1800 
  0.0000000e+00   0.0000000e+00   0.0000000e+00 
  0.0000000e+00   0.0000000e+00   0.0000000e+00 
  0.0000000e+00   0.0000000e+00   0.0000000e+00 
mode:   15 freq=   50.7400 
  0.0000000e+00   0.0000000e+00   0.0000000e+00 
  0.0000000e+00   0.0000000e+00   0.0000000e+00 
  0.0000000e+00   0.0000000e+00   0.0000000e+00 
mode:   16 freq=   58.3100 
  0.0000000e+00   0.0000000e+00   0.0000000e+00 
  0.0000000e+00   0.0000000e+00   0.0000000e+00 
  0.0000000e+00   0.0000000e+00   0.0000000e+00 
mode:   17 freq=   67.6100 
  0.0000000e+00   0.0000000e+00   0.0000000e+00 
  0.0000000e+00   0.0000000e+00   0.0000000e+00 
  0.0000000e+00   0.0000000e+00   0.0000000e+00 
mode:   18 freq=   78.7600 
  0.0000000e+00   0.0000000e+00   0.0000000e+00 
  0.0000000e+00   0.0000000e+00   0.0000000e+00 
  0.0000000e+00   0.0000000e+00   0.0000000e+00 
mode:   19 freq=   81.3300 
  0.0000000e+00   0.0000000e+00   0.0000000e+00 
  0.0000000e+00   0.0000000e+00   0.0000000e+00 
  0.0000000e+00   0.0000000e+00   0.0000000e+00 
mode:   20 freq=   84.8300 
  0.0000000e+00   0.0000000e+00   0.0000000e+00 
  0.0000000e+00   0.0000000e+00   0.0000000e+00 
  0.0000000e+00   0.0000000e+00   0.0000000e+00 
mode:   21 freq=   90.3200 
  0.0000000e+00   0.0000000e+00   0.0000000e+00 
  0.0000000e+00   0.0000000e+00   0.0000000e+00 
  0.0000000e+00   0.0000000e+00   0.0000000e+00 
mode:   22 freq=  100.1500 
  0.0000000e+00   0.0000000e+00   0.0000000e+00 
  0.0000000e+00   0.0000000e+00   0.0000000e+00 
  0.0000000e+00   0.0000000e+00   0.0000000e+00 
mode:   23 freq=  103.1100 
  0.0000000e+00   0.0000000e+00   0.0000000e+00 
  0.0000000e+00   0.0000000e+00   0.0000000e+00 
  0.0000000e+00   0.0000000e+00   0.0000000e+00 
mode:   24 freq=  109.9100 
  0.0000000e+00   0.0000000e+00   0.0000000e+00 
  0.0000000e+00   0.0000000e+00   0.0000000e+00 
  0.0000000e+00   0.0000000e+00   0.0000000e+00 
mode:   25 freq=  126.9900 
  0.0000000e+00   0.0000000e+00   0.0000000e+00 
  0.0000000e+00   0.0000000e+00   0.0000000e+00 
  0.0000000e+00   0.0000000e+00   0.0000000e+00 
mode:   26 freq=  132.9400 
  0.0000000e+00   0.0000000e+00   0.0000000e+00 
  0.0000000e+00   0.0000000e+00   0.0000000e+00 
  0.0000000e+00   0.0000000e+00   0.0000000e+00 
mode:   27 freq=  142.8300 
  0.0000000e+00   0.0000000e+00   0.0000000e+00 
  0.0000000e+00   0.0000000e+00   0.0000000e+00 
  0.0000000e+00   0.0000000e+00   0.0000000e+00 
mode:   28 freq=  145.8500 
  0.0000000e+00   0.0000000e+00   0.0000000e+00 
  0.0000000e+00   0.0000000e+00   0.0000000e+00 
  0.0000000e+00   0.0000000e+00   0.0000000e+00 
mode:   29 freq=  155.9300 
  0.0000000e+00   0.0000000e+00   0.0000000e+00 
  0.0000000e+00   0.0000000e+00   0.0000000e+00 
  0.0000000e+00   0.0000000e+00   0.0000000e+00 
mode:   30 freq=  164.9400 
  0.0000000e+00   0.0000000e+00   0.0000000e+00 
  0.0000000e+00   0.0000000e+00   0.0000000e+00 
  0.0000000e+00   0.0000000e+00   0.0000000e+00 
mode:   31 freq=  174.3500 
  0.0000000e+00   0.0000000e+00   0.0000000e+00 
  0.0000000e+00   0.0000000e+00   0.0000000e+00 
  0.0000000e+00   0.0000000e+00   0.0000000e+00 
mode:   32 freq=  179.8100 
  0.0000000e+00   0.0000000e+00   0.0000000e+00 
  0.0000000e+00   0.0000000e+00   0.0000000e+00 
  0.0000000e+00   0.0000000e+00   0.0000000e+00 
mode:   33 freq=  182.0900 
  0.0000000e+00   0.0000000e+00   0.0000000e+00 
  0.0000000e+00   0.0000000e+00   0.0000000e+00 
  0.0000000e+00   0.0000000e+00   0.0000000e+00 
mode:   34 freq=  188.2600 
  0.0000000e+00   0.0000000e+00   0.0000000e+00 
  0.0000000e+00   0.0000000e+00   0.0000000e+00 
  0.0000000e+00   0.0000000e+00   0.0000000e+00 
mode:   35 freq=  192.3600 
  0.0000000e+00   0.0000000e+00   0.0000000e+00 
  0.0000000e+00   0.0000000e+00   0.0000000e+00 
  0.0000000e+00   0.0000000e+00   0.0000000e+00 
mode:   36 freq=  193.4800 
  0.0000000e+00   0.0000000e+00   0.0000000e+00 
  0.0000000e+00   0.0000000e+00   0.0000000e+00 
  0.0000000e+00   0.0000000e+00   0.0000000e+00 
mode:   37 freq=  202.8000 
  0.0000000e+00   0.0000000e+00   0.0000000e+00 
  0.0000000e+00   0.0000000e+00   0.0000000e+00 
  0.0000000e+00   0.0000000e+00   0.0000000e+00 
mode:   38 freq=  212.2700 
  0.0000000e+00   0.0000000e+00   0.0000000e+00 
  0.0000000e+00   0.0000000e+00   0.0000000e+00 
  0.0000000e+00   0.0000000e+00   0.0000000e+00 
mode:   39 freq=  217.3900 
  0.0000000e+00   0.0000000e+00   0.0000000e+00 
  0.0000000e+00   0.0000000e+00   0.0000000e+00 
  0.0000000e+00   0.0000000e+00   0.0000000e+00 
mode:   40 freq=  222.3500 
  0.0000000e+00   0.0000000e+00   0.0000000e+00 
  0.0000000e+00   0.0000000e+00   0.0000000e+00 
  0.0000000e+00   0.0000000e+00   0.0000000e+00 
mode:   41 freq=  225.2500 
  0.0000000e+00   0.0000000e+00   0.0000000e+00 
  0.0000000e+00   0.0000000e+00   0.0000000e+00 
  0.0000000e+00   0.0000000e+00   0.0000000e+00 
mode:   42 freq=  234.1100 
  0.0000000e+00   0.0000000e+00   0.0000000e+00 
  0.0000000e+00   0.0000000e+00   0.0000000e+00 
  0.0000000e+00   0.0000000e+00   0.0000000e+00 
mode:   43 freq=  251.0200 
  0.0000000e+00   0.0000000e+00   0.0000000e+00 
  0.0000000e+00   0.0000000e+00   0.0000000e+00 
  0.0000000e+00   0.0000000e+00   0.0000000e+00 
mode:   44 freq=  252.0100 
  0.0000000e+00   0.0000000e+00   0.0000000e+00 
  0.0000000e+00   0.0000000e+00   0.0000000e+00 
  0.0000000e+00   0.0000000e+00   0.0000000e+00 
mode:   45 freq=  254.2700 
  0.0000000e+00   0.0000000e+00   0.0000000e+00 
  0.0000000e+00   0.0000000e+00   0.0000000e+00 
  0.0000000e+00   0.0000000e+00   0.0000000e+00 
mode:   46 freq=  255.8600 
  0.0000000e+00   0.0000000e+00   0.0000000e+00 
  0.0000000e+00   0.0000000e+00   0.0000000e+00 
  0.0000000e+00   0.0000000e+00   0.0000000e+00 
mode:   47 freq=  264.6600 
  0.0000000e+00   0.0000000e+00   0.0000000e+00 
  0.0000000e+00   0.0000000e+00   0.0000000e+00 
  0.0000000e+00   0.0000000e+00   0.0000000e+00 
mode:   48 freq=  272.3500 
  0.0000000e+00   0.0000000e+00   0.0000000e+00 
  0.0000000e+00   0.0000000e+00   0.0000000e+00 
  0.0000000e+00   0.0000000e+00   0.0000000e+00 
mode:   49 freq=  277.3200 
  0.0000000e+00   0.0000000e+00   0.0000000e+00 
  0.0000000e+00   0.0000000e+00   0.0000000e+00 
  0.0000000e+00   0.0000000e+00   0.0000000e+00 
mode:   50 freq=  284.8900 
  0.0000000e+00   0.0000000e+00   0.0000000e+00 
  0.0000000e+00   0.0000000e+00   0.0000000e+00 
  0.0000000e+00   0.0000000e+00   0.0000000e+00 
mode:   51 freq=  287.2200 
  0.0000000e+00   0.0000000e+00   0.0000000e+00 
  0.0000000e+00   0.0000000e+00   0.0000000e+00 
  0.0000000e+00   0.0000000e+00   0.0000000e+00 
mode:   52 freq=  289.0100 
  0.0000000e+00   0.0000000e+00   0.0000000e+00 
  0.0000000e+00   0.0000000e+00   0.0000000e+00 
  0.0000000e+00   0.0000000e+00   0.0000000e+00 
mode:   53 freq=  294.8000 
  0.0000000e+00   0.0000000e+00   0.0000000e+00 
  0.0000000e+00   0.0000000e+00   0.0000000e+00 
  0.0000000e+00   0.0000000e+00   0.0000000e+00 
mode:   54 freq=  301.1700 
  0.0000000e+00   0.0000000e+00   0.0000000e+00 
  0.0000000e+00   0.0000000e+00   0.0000000e+00 
  0.0000000e+00   0.0000000e+00   0.0000000e+00 
mode:   55 freq=  310.0500 
  0.0000000e+00   0.0000000e+00   0.0000000e+00 
  0.0000000e+00   0.0000000e+00   0.0000000e+00 
  0.0000000e+00   0.0000000e+00   0.0000000e+00 
mode:   56 freq=  311.1300 
  0.0000000e+00   0.0000000e+00   0.0000000e+00 
  0.0000000e+00   0.0000000e+00   0.0000000e+00 
  0.0000000e+00   0.0000000e+00   0.0000000e+00 
mode:   57 freq=  316.9700 
  0.0000000e+00   0.0000000e+00   0.0000000e+00 
  0.0000000e+00   0.0000000e+00   0.0000000e+00 
  0.0000000e+00   0.0000000e+00   0.0000000e+00 
mode:   58 freq=  328.0900 
  0.0000000e+00   0.0000000e+00   0.0000000e+00 
  0.0000000e+00   0.0000000e+00   0.0000000e+00 
  0.0000000e+00   0.0000000e+00   0.0000000e+00 
mode:   59 freq=  331.7300 
  0.0000000e+00   0.0000000e+00   0.0000000e+00 
  0.0000000e+00   0.0000000e+00   0.0000000e+00 
  0.0000000e+00   0.0000000e+00   0.0000000e+00 
mode:   60 freq=  335.2100 
  0.0000000e+00   0.0000000e+00   0.0000000e+00 
  0.0000000e+00   0.0000000e+00   0.0000000e+00 
  0.0000000e+00   0.0000000e+00   0.0000000e+00 
mode:   61 freq=  343.7400 
  0.0000000e+00   0.0000000e+00   0.0000000e+00 
  0.0000000e+00   0.0000000e+00   0.0000000e+00 
  0.0000000e+00   0.0000000e+00   0.0000000e+00 
mode:   62 freq=  352.7300 
  0.0000000e+00   0.0000000e+00   0.0000000e+00 
  0.0000000e+00   0.0000000e+00   0.0000000e+00 
  0.0000000e+00   0.0000000e+00   0.0000000e+00 
mode:   63 freq=  364.9200 
  0.0000000e+00   0.0000000e+00   0.0000000e+00 
  0.0000000e+00   0.0000000e+00   0.0000000e+00 
  0.0000000e+00   0.0000000e+00   0.0000000e+00 
mode:   64 freq=  368.9200 
  0.0000000e+00   0.0000000e+00   0.0000000e+00 
  0.0000000e+00   0.0000000e+00   0.0000000e+00 
  0.0000000e+00   0.0000000e+00   0.0000000e+00 
mode:   65 freq=  376.2300 
  0.0000000e+00   0.0000000e+00   0.0000000e+00 
  0.0000000e+00   0.0000000e+00   0.0000000e+00 
  0.0000000e+00   0.0000000e+00   0.0000000e+00 
mode:   66 freq=  385.2900 
  0.0000000e+00   0.0000000e+00   0.0000000e+00 
  0.0000000e+00   0.0000000e+00   0.0000000e+00 
  0.0000000e+00   0.0000000e+00   0.0000000e+00 
mode:   67 freq=  407.6700 
  0.0000000e+00   0.0000000e+00   0.0000000e+00 
  0.0000000e+00   0.0000000e+00   0.0000000e+00 
  0.0000000e+00   0.0000000e+00   0.0000000e+00 
mode:   68 freq=  416.4300 
  0.0000000e+00   0.0000000e+00   0.0000000e+00 
  0.0000000e+00   0.0000000e+00   0.0000000e+00 
  0.0000000e+00   0.0000000e+00   0.0000000e+00 
mode:   69 freq=  417.4700 
  0.0000000e+00   0.0000000e+00   0.0000000e+00 
  0.0000000e+00   0.0000000e+00   0.0000000e+00 
  0.0000000e+00   0.0000000e+00   0.0000000e+00 
mode:   70 freq=  424.3900 
  0.0000000e+00   0.0000000e+00   0.0000000e+00 
  0.0000000e+00   0.0000000e+00   0.0000000e+00 
  0.0000000e+00   0.0000000e+00   0.0000000e+00 
mode:   71 freq=  432.7700 
  0.0000000e+00   0.0000000e+00   0.0000000e+00 
  0.0000000e+00   0.0000000e+00   0.0000000e+00 
  0.0000000e+00   0.0000000e+00   0.0000000e+00 
mode:   72 freq=  435.1000 
  0.0000000e+00   0.0000000e+00   0.0000000e+00 
  0.0000000e+00   0.0000000e+00   0.0000000e+00 
  0.0000000e+00   0.0000000e+00   0.0000000e+00 
mode:   73 freq=  446.2600 
  0.0000000e+00   0.0000000e+00   0.0000000e+00 
  0.0000000e+00   0.0000000e+00   0.0000000e+00 
  0.0000000e+00   0.0000000e+00   0.0000000e+00 
mode:   74 freq=  455.8100 
  0.0000000e+00   0.0000000e+00   0.0000000e+00 
  0.0000000e+00   0.0000000e+00   0.0000000e+00 
  0.0000000e+00   0.0000000e+00   0.0000000e+00 
mode:   75 freq=  457.0500 
  0.0000000e+00   0.0000000e+00   0.0000000e+00 
  0.0000000e+00   0.0000000e+00   0.0000000e+00 
  0.0000000e+00   0.0000000e+00   0.0000000e+00 
mode:   76 freq=  470.1300 
  0.0000000e+00   0.0000000e+00   0.0000000e+00 
  0.0000000e+00   0.0000000e+00   0.0000000e+00 
  0.0000000e+00   0.0000000e+00   0.0000000e+00 
mode:   77 freq=  474.1600 
  0.0000000e+00   0.0000000e+00   0.0000000e+00 
  0.0000000e+00   0.0000000e+00   0.0000000e+00 
  0.0000000e+00   0.0000000e+00   0.0000000e+00 
mode:   78 freq=  474.7400 
  0.0000000e+00   0.0000000e+00   0.0000000e+00 
  0.0000000e+00   0.0000000e+00   0.0000000e+00 
  0.0000000e+00   0.0000000e+00   0.0000000e+00 
mode:   79 freq=  488.9700 
  0.0000000e+00   0.0000000e+00   0.0000000e+00 
  0.0000000e+00   0.0000000e+00   0.0000000e+00 
  0.0000000e+00   0.0000000e+00   0.0000000e+00 
mode:   80 freq=  490.2900 
  0.0000000e+00   0.0000000e+00   0.0000000e+00 
  0.0000000e+00   0.0000000e+00   0.0000000e+00 
  0.0000000e+00   0.0000000e+00   0.0000000e+00 
mode:   81 freq=  509.8800 
  0.0000000e+00   0.0000000e+00   0.0000000e+00 
  0.0000000e+00   0.0000000e+00   0.0000000e+00 
  0.0000000e+00   0.0000000e+00   0.0000000e+00 
mode:   82 freq=  514.0600 
  0.0000000e+00   0.0000000e+00   0.0000000e+00 
  0.0000000e+00   0.0000000e+00   0.0000000e+00 
  0.0000000e+00   0.0000000e+00   0.0000000e+00 
mode:   83 freq=  522.9800 
  0.0000000e+00   0.0000000e+00   0.0000000e+00 
  0.0000000e+00   0.0000000e+00   0.0000000e+00 
  0.0000000e+00   0.0000000e+00   0.0000000e+00 
mode:   84 freq=  527.7500 
  0.0000000e+00   0.0000000e+00   0.0000000e+00 
  0.0000000e+00   0.0000000e+00   0.0000000e+00 
  0.0000000e+00   0.0000000e+00   0.0000000e+00 
mode:   85 freq=  528.9000 
  0.0000000e+00   0.0000000e+00   0.0000000e+00 
  0.0000000e+00   0.0000000e+00   0.0000000e+00 
  0.0000000e+00   0.0000000e+00   0.0000000e+00 
mode:   86 freq=  530.0400 
  0.0000000e+00   0.0000000e+00   0.0000000e+00 
  0.0000000e+00   0.0000000e+00   0.0000000e+00 
  0.0000000e+00   0.0000000e+00   0.0000000e+00 
mode:   87 freq=  559.3900 
  0.0000000e+00   0.0000000e+00   0.0000000e+00 
  0.0000000e+00   0.0000000e+00   0.0000000e+00 
  0.0000000e+00   0.0000000e+00   0.0000000e+00 
mode:   88 freq=  564.0300 
  0.0000000e+00   0.0000000e+00   0.0000000e+00 
  0.0000000e+00   0.0000000e+00   0.0000000e+00 
  0.0000000e+00   0.0000000e+00   0.0000000e+00 
mode:   89 freq=  565.7700 
  0.0000000e+00   0.0000000e+00   0.0000000e+00 
  0.0000000e+00   0.0000000e+00   0.0000000e+00 
  0.0000000e+00   0.0000000e+00   0.0000000e+00 
mode:   90 freq=  570.4000 
  0.0000000e+00   0.0000000e+00   0.0000000e+00 
  0.0000000e+00   0.0000000e+00   0.0000000e+00 
  0.0000000e+00   0.0000000e+00   0.0000000e+00 
mode:   91 freq=  573.3500 
  0.0000000e+00   0.0000000e+00   0.0000000e+00 
  0.0000000e+00   0.0000000e+00   0.0000000e+00 
  0.0000000e+00   0.0000000e+00   0.0000000e+00 
mode:   92 freq=  581.8800 
  0.0000000e+00   0.0000000e+00   0.0000000e+00 
  0.0000000e+00   0.0000000e+00   0.0000000e+00 
  0.0000000e+00   0.0000000e+00   0.0000000e+00 
mode:   93 freq=  594.0400 
  0.0000000e+00   0.0000000e+00   0.0000000e+00 
  0.0000000e+00   0.0000000e+00   0.0000000e+00 
  0.0000000e+00   0.0000000e+00   0.0000000e+00 
mode:   94 freq=  609.4500 
  0.0000000e+00   0.0000000e+00   0.0000000e+00 
  0.0000000e+00   0.0000000e+00   0.0000000e+00 
  0.0000000e+00   0.0000000e+00   0.0000000e+00 
mode:   95 freq=  628.8400 
  0.0000000e+00   0.0000000e+00   0.0000000e+00 
  0.0000000e+00   0.0000000e+00   0.0000000e+00 
  0.0000000e+00   0.0000000e+00   0.0000000e+00 
mode:   96 freq=  630.6700 
  0.0000000e+00   0.0000000e+00   0.0000000e+00 
  0.0000000e+00   0.0000000e+00   0.0000000e+00 
  0.0000000e+00   0.0000000e+00   0.0000000e+00 
mode:   97 freq=  639.8400 
  0.0000000e+00   0.0000000e+00   0.0000000e+00 
  0.0000000e+00   0.0000000e+00   0.0000000e+00 
  0.0000000e+00   0.0000000e+00   0.0000000e+00 
mode:   98 freq=  640.3400 
  0.0000000e+00   0.0000000e+00   0.0000000e+00 
  0.0000000e+00   0.0000000e+00   0.0000000e+00 
  0.0000000e+00   0.0000000e+00   0.0000000e+00 
mode:   99 freq=  643.5900 
  0.0000000e+00   0.0000000e+00   0.0000000e+00 
  0.0000000e+00   0.0000000e+00   0.0000000e+00 
  0.0000000e+00   0.0000000e+00   0.0000000e+00 
mode:  100 freq=  651.0400 
  0.0000000e+00   0.0000000e+00   0.0000000e+00 
  0.0000000e+00   0.0000000e+00   0.0000000e+00 
  0.0000000e+00   0.0000000e+00   0.0000000e+00 
mode:  101 freq=  653.6100 
  0.0000000e+00   0.0000000e+00   0.0000000e+00 
  0.0000000e+00   0.0000000e+00   0.0000000e+00 
  0.0000000e+00   0.0000000e+00   0.0000000e+00 
mode:  102 freq=  655.3600 
  0.0000000e+00   0.0000000e+00   0.0000000e+00 
  0.0000000e+00   0.0000000e+00   0.0000000e+00 
  0.0000000e+00   0.0000000e+00   0.0000000e+00 
mode:  103 freq=  677.6500 
  0.0000000e+00   0.0000000e+00   0.0000000e+00 
  0.0000000e+00   0.0000000e+00   0.0000000e+00 
  0.0000000e+00   0.0000000e+00   0.0000000e+00 
mode:  104 freq=  727.9900 
  0.0000000e+00   0.0000000e+00   0.0000000e+00 
  0.0000000e+00   0.0000000e+00   0.0000000e+00 
  0.0000000e+00   0.0000000e+00   0.0000000e+00 
mode:  105 freq=  728.7400 
  0.0000000e+00   0.0000000e+00   0.0000000e+00 
  0.0000000e+00   0.0000000e+00   0.0000000e+00 
  0.0000000e+00   0.0000000e+00   0.0000000e+00 
mode:  106 freq=  749.3800 
  0.0000000e+00   0.0000000e+00   0.0000000e+00 
  0.0000000e+00   0.0000000e+00   0.0000000e+00 
  0.0000000e+00   0.0000000e+00   0.0000000e+00 
mode:  107 freq=  753.8900 
  0.0000000e+00   0.0000000e+00   0.0000000e+00 
  0.0000000e+00   0.0000000e+00   0.0000000e+00 
  0.0000000e+00   0.0000000e+00   0.0000000e+00 
mode:  108 freq=  756.5300 
  0.0000000e+00   0.0000000e+00   0.0000000e+00 
  0.0000000e+00   0.0000000e+00   0.0000000e+00 
  0.0000000e+00   0.0000000e+00   0.0000000e+00 
mode:  109 freq=  765.9300 
  0.0000000e+00   0.0000000e+00   0.0000000e+00 
  0.0000000e+00   0.0000000e+00   0.0000000e+00 
  0.0000000e+00   0.0000000e+00   0.0000000e+00 
mode:  110 freq=  770.6200 
  0.0000000e+00   0.0000000e+00   0.0000000e+00 
  0.0000000e+00   0.0000000e+00   0.0000000e+00 
  0.0000000e+00   0.0000000e+00   0.0000000e+00 
mode:  111 freq=  774.1900 
  0.0000000e+00   0.0000000e+00   0.0000000e+00 
  0.0000000e+00   0.0000000e+00   0.0000000e+00 
  0.0000000e+00   0.0000000e+00   0.0000000e+00 
mode:  112 freq=  781.4000 
  0.0000000e+00   0.0000000e+00   0.0000000e+00 
  0.0000000e+00   0.0000000e+00   0.0000000e+00 
  0.0000000e+00   0.0000000e+00   0.0000000e+00 
mode:  113 freq=  785.8800 
  0.0000000e+00   0.0000000e+00   0.0000000e+00 
  0.0000000e+00   0.0000000e+00   0.0000000e+00 
  0.0000000e+00   0.0000000e+00   0.0000000e+00 
mode:  114 freq=  788.3200 
  0.0000000e+00   0.0000000e+00   0.0000000e+00 
  0.0000000e+00   0.0000000e+00   0.0000000e+00 
  0.0000000e+00   0.0000000e+00   0.0000000e+00 
mode:  115 freq=  792.1700 
  0.0000000e+00   0.0000000e+00   0.0000000e+00 
  0.0000000e+00   0.0000000e+00   0.0000000e+00 
  0.0000000e+00   0.0000000e+00   0.0000000e+00 
mode:  116 freq=  798.5000 
  0.0000000e+00   0.0000000e+00   0.0000000e+00 
  0.0000000e+00   0.0000000e+00   0.0000000e+00 
  0.0000000e+00   0.0000000e+00   0.0000000e+00 
mode:  117 freq=  806.9700 
  0.0000000e+00   0.0000000e+00   0.0000000e+00 
  0.0000000e+00   0.0000000e+00   0.0000000e+00 
  0.0000000e+00   0.0000000e+00   0.0000000e+00 
mode:  118 freq=  807.9100 
  0.0000000e+00   0.0000000e+00   0.0000000e+00 
  0.0000000e+00   0.0000000e+00   0.0000000e+00 
  0.0000000e+00   0.0000000e+00   0.0000000e+00 
mode:  119 freq=  818.8100 
  0.0000000e+00   0.0000000e+00   0.0000000e+00 
  0.0000000e+00   0.0000000e+00   0.0000000e+00 
  0.0000000e+00   0.0000000e+00   0.0000000e+00 
mode:  120 freq=  822.3900 
  0.0000000e+00   0.0000000e+00   0.0000000e+00 
  0.0000000e+00   0.0000000e+00   0.0000000e+00 
  0.0000000e+00   0.0000000e+00   0.0000000e+00 
mode:  121 freq=  838.1300 
  0.0000000e+00   0.0000000e+00   0.0000000e+00 
  0.0000000e+00   0.0000000e+00   0.0000000e+00 
  0.0000000e+00   0.0000000e+00   0.0000000e+00 
mode:  122 freq=  848.1000 
  0.0000000e+00   0.0000000e+00   0.0000000e+00 
  0.0000000e+00   0.0000000e+00   0.0000000e+00 
  0.0000000e+00   0.0000000e+00   0.0000000e+00 
mode:  123 freq=  852.9700 
  0.0000000e+00   0.0000000e+00   0.0000000e+00 
  0.0000000e+00   0.0000000e+00   0.0000000e+00 
  0.0000000e+00   0.0000000e+00   0.0000000e+00 
mode:  124 freq=  872.4800 
  0.0000000e+00   0.0000000e+00   0.0000000e+00 
  0.0000000e+00   0.0000000e+00   0.0000000e+00 
  0.0000000e+00   0.0000000e+00   0.0000000e+00 
mode:  125 freq=  878.0800 
  0.0000000e+00   0.0000000e+00   0.0000000e+00 
  0.0000000e+00   0.0000000e+00   0.0000000e+00 
  0.0000000e+00   0.0000000e+00   0.0000000e+00 
mode:  126 freq=  908.8200 
  0.0000000e+00   0.0000000e+00   0.0000000e+00 
  0.0000000e+00   0.0000000e+00   0.0000000e+00 
  0.0000000e+00   0.0000000e+00   0.0000000e+00 
mode:  127 freq=  912.1600 
  0.0000000e+00   0.0000000e+00   0.0000000e+00 
  0.0000000e+00   0.0000000e+00   0.0000000e+00 
  0.0000000e+00   0.0000000e+00   0.0000000e+00 
mode:  128 freq=  916.8100 
  0.0000000e+00   0.0000000e+00   0.0000000e+00 
  0.0000000e+00   0.0000000e+00   0.0000000e+00 
  0.0000000e+00   0.0000000e+00   0.0000000e+00 
mode:  129 freq=  920.6200 
  0.0000000e+00   0.0000000e+00   0.0000000e+00 
  0.0000000e+00   0.0000000e+00   0.0000000e+00 
  0.0000000e+00   0.0000000e+00   0.0000000e+00 
mode:  130 freq=  926.6800 
  0.0000000e+00   0.0000000e+00   0.0000000e+00 
  0.0000000e+00   0.0000000e+00   0.0000000e+00 
  0.0000000e+00   0.0000000e+00   0.0000000e+00 
mode:  131 freq=  929.4300 
  0.0000000e+00   0.0000000e+00   0.0000000e+00 
  0.0000000e+00   0.0000000e+00   0.0000000e+00 
  0.0000000e+00   0.0000000e+00   0.0000000e+00 
mode:  132 freq=  931.3800 
  0.0000000e+00   0.0000000e+00   0.0000000e+00 
  0.0000000e+00   0.0000000e+00   0.0000000e+00 
  0.0000000e+00   0.0000000e+00   0.0000000e+00 
mode:  133 freq=  936.1100 
  0.0000000e+00   0.0000000e+00   0.0000000e+00 
  0.0000000e+00   0.0000000e+00   0.0000000e+00 
  0.0000000e+00   0.0000000e+00   0.0000000e+00 
mode:  134 freq=  937.5900 
  0.0000000e+00   0.0000000e+00   0.0000000e+00 
  0.0000000e+00   0.0000000e+00   0.0000000e+00 
  0.0000000e+00   0.0000000e+00   0.0000000e+00 
mode:  135 freq=  950.4400 
  0.0000000e+00   0.0000000e+00   0.0000000e+00 
  0.0000000e+00   0.0000000e+00   0.0000000e+00 
  0.0000000e+00   0.0000000e+00   0.0000000e+00 
mode:  136 freq=  952.2800 
  0.0000000e+00   0.0000000e+00   0.0000000e+00 
  0.0000000e+00   0.0000000e+00   0.0000000e+00 
  0.0000000e+00   0.0000000e+00   0.0000000e+00 
mode:  137 freq=  953.4400 
  0.0000000e+00   0.0000000e+00   0.0000000e+00 
  0.0000000e+00   0.0000000e+00   0.0000000e+00 
  0.0000000e+00   0.0000000e+00   0.0000000e+00 
mode:  138 freq=  954.5400 
  0.0000000e+00   0.0000000e+00   0.0000000e+00 
  0.0000000e+00   0.0000000e+00   0.0000000e+00 
  0.0000000e+00   0.0000000e+00   0.0000000e+00 
mode:  139 freq=  956.4800 
  0.0000000e+00   0.0000000e+00   0.0000000e+00 
  0.0000000e+00   0.0000000e+00   0.0000000e+00 
  0.0000000e+00   0.0000000e+00   0.0000000e+00 
mode:  140 freq=  956.7200 
  0.0000000e+00   0.0000000e+00   0.0000000e+00 
  0.0000000e+00   0.0000000e+00   0.0000000e+00 
  0.0000000e+00   0.0000000e+00   0.0000000e+00 
mode:  141 freq=  962.8500 
  0.0000000e+00   0.0000000e+00   0.0000000e+00 
  0.0000000e+00   0.0000000e+00   0.0000000e+00 
  0.0000000e+00   0.0000000e+00   0.0000000e+00 
mode:  142 freq=  976.5400 
  0.0000000e+00   0.0000000e+00   0.0000000e+00 
  0.0000000e+00   0.0000000e+00   0.0000000e+00 
  0.0000000e+00   0.0000000e+00   0.0000000e+00 
mode:  143 freq=  983.5700 
  0.0000000e+00   0.0000000e+00   0.0000000e+00 
  0.0000000e+00   0.0000000e+00   0.0000000e+00 
  0.0000000e+00   0.0000000e+00   0.0000000e+00 
mode:  144 freq=  985.8900 
  0.0000000e+00   0.0000000e+00   0.0000000e+00 
  0.0000000e+00   0.0000000e+00   0.0000000e+00 
  0.0000000e+00   0.0000000e+00   0.0000000e+00 
mode:  145 freq=  994.5000 
  0.0000000e+00   0.0000000e+00   0.0000000e+00 
  0.0000000e+00   0.0000000e+00   0.0000000e+00 
  0.0000000e+00   0.0000000e+00   0.0000000e+00 
mode:  146 freq= 1002.6500 
  0.0000000e+00   0.0000000e+00   0.0000000e+00 
  0.0000000e+00   0.0000000e+00   0.0000000e+00 
  0.0000000e+00   0.0000000e+00   0.0000000e+00 
mode:  147 freq= 1008.7000 
  0.0000000e+00   0.0000000e+00   0.0000000e+00 
  0.0000000e+00   0.0000000e+00   0.0000000e+00 
  0.0000000e+00   0.0000000e+00   0.0000000e+00 
mode:  148 freq= 1016.4400 
  0.0000000e+00   0.0000000e+00   0.0000000e+00 
  0.0000000e+00   0.0000000e+00   0.0000000e+00 
  0.0000000e+00   0.0000000e+00   0.0000000e+00 
mode:  149 freq= 1024.1700 
  0.0000000e+00   0.0000000e+00   0.0000000e+00 
  0.0000000e+00   0.0000000e+00   0.0000000e+00 
  0.0000000e+00   0.0000000e+00   0.0000000e+00 
mode:  150 freq= 1025.7000 
  0.0000000e+00   0.0000000e+00   0.0000000e+00 
  0.0000000e+00   0.0000000e+00   0.0000000e+00 
  0.0000000e+00   0.0000000e+00   0.0000000e+00 
mode:  151 freq= 1026.7000 
  0.0000000e+00   0.0000000e+00   0.0000000e+00 
  0.0000000e+00   0.0000000e+00   0.0000000e+00 
  0.0000000e+00   0.0000000e+00   0.0000000e+00 
mode:  152 freq= 1029.4100 
  0.0000000e+00   0.0000000e+00   0.0000000e+00 
  0.0000000e+00   0.0000000e+00   0.0000000e+00 
  0.0000000e+00   0.0000000e+00   0.0000000e+00 
mode:  153 freq= 1032.7100 
  0.0000000e+00   0.0000000e+00   0.0000000e+00 
  0.0000000e+00   0.0000000e+00   0.0000000e+00 
  0.0000000e+00   0.0000000e+00   0.0000000e+00 
mode:  154 freq= 1039.0700 
  0.0000000e+00   0.0000000e+00   0.0000000e+00 
  0.0000000e+00   0.0000000e+00   0.0000000e+00 
  0.0000000e+00   0.0000000e+00   0.0000000e+00 
mode:  155 freq= 1039.8600 
  0.0000000e+00   0.0000000e+00   0.0000000e+00 
  0.0000000e+00   0.0000000e+00   0.0000000e+00 
  0.0000000e+00   0.0000000e+00   0.0000000e+00 
mode:  156 freq= 1040.3300 
  0.0000000e+00   0.0000000e+00   0.0000000e+00 
  0.0000000e+00   0.0000000e+00   0.0000000e+00 
  0.0000000e+00   0.0000000e+00   0.0000000e+00 
mode:  157 freq= 1044.6200 
  0.0000000e+00   0.0000000e+00   0.0000000e+00 
  0.0000000e+00   0.0000000e+00   0.0000000e+00 
  0.0000000e+00   0.0000000e+00   0.0000000e+00 
mode:  158 freq= 1046.6000 
  0.0000000e+00   0.0000000e+00   0.0000000e+00 
  0.0000000e+00   0.0000000e+00   0.0000000e+00 
  0.0000000e+00   0.0000000e+00   0.0000000e+00 
mode:  159 freq= 1051.1700 
  0.0000000e+00   0.0000000e+00   0.0000000e+00 
  0.0000000e+00   0.0000000e+00   0.0000000e+00 
  0.0000000e+00   0.0000000e+00   0.0000000e+00 
mode:  160 freq= 1054.8000 
  0.0000000e+00   0.0000000e+00   0.0000000e+00 
  0.0000000e+00   0.0000000e+00   0.0000000e+00 
  0.0000000e+00   0.0000000e+00   0.0000000e+00 
mode:  161 freq= 1058.3200 
  0.0000000e+00   0.0000000e+00   0.0000000e+00 
  0.0000000e+00   0.0000000e+00   0.0000000e+00 
  0.0000000e+00   0.0000000e+00   0.0000000e+00 
mode:  162 freq= 1059.0400 
  0.0000000e+00   0.0000000e+00   0.0000000e+00 
  0.0000000e+00   0.0000000e+00   0.0000000e+00 
  0.0000000e+00   0.0000000e+00   0.0000000e+00 
mode:  163 freq= 1065.0200 
  0.0000000e+00   0.0000000e+00   0.0000000e+00 
  0.0000000e+00   0.0000000e+00   0.0000000e+00 
  0.0000000e+00   0.0000000e+00   0.0000000e+00 
mode:  164 freq= 1079.0700 
  0.0000000e+00   0.0000000e+00   0.0000000e+00 
  0.0000000e+00   0.0000000e+00   0.0000000e+00 
  0.0000000e+00   0.0000000e+00   0.0000000e+00 
mode:  165 freq= 1081.1600 
  0.0000000e+00   0.0000000e+00   0.0000000e+00 
  0.0000000e+00   0.0000000e+00   0.0000000e+00 
  0.0000000e+00   0.0000000e+00   0.0000000e+00 
mode:  166 freq= 1089.5600 
  0.0000000e+00   0.0000000e+00   0.0000000e+00 
  0.0000000e+00   0.0000000e+00   0.0000000e+00 
  0.0000000e+00   0.0000000e+00   0.0000000e+00 
mode:  167 freq= 1090.2800 
  0.0000000e+00   0.0000000e+00   0.0000000e+00 
  0.0000000e+00   0.0000000e+00   0.0000000e+00 
  0.0000000e+00   0.0000000e+00   0.0000000e+00 
mode:  168 freq= 1096.0700 
  0.0000000e+00   0.0000000e+00   0.0000000e+00 
  0.0000000e+00   0.0000000e+00   0.0000000e+00 
  0.0000000e+00   0.0000000e+00   0.0000000e+00 
mode:  169 freq= 1117.2400 
  0.0000000e+00   0.0000000e+00   0.0000000e+00 
  0.0000000e+00   0.0000000e+00   0.0000000e+00 
  0.0000000e+00   0.0000000e+00   0.0000000e+00 
mode:  170 freq= 1119.5500 
  0.0000000e+00   0.0000000e+00   0.0000000e+00 
  0.0000000e+00   0.0000000e+00   0.0000000e+00 
  0.0000000e+00   0.0000000e+00   0.0000000e+00 
mode:  171 freq= 1125.7900 
  0.0000000e+00   0.0000000e+00   0.0000000e+00 
  0.0000000e+00   0.0000000e+00   0.0000000e+00 
  0.0000000e+00   0.0000000e+00   0.0000000e+00 
mode:  172 freq= 1128.7000 
  0.0000000e+00   0.0000000e+00   0.0000000e+00 
  0.0000000e+00   0.0000000e+00   0.0000000e+00 
  0.0000000e+00   0.0000000e+00   0.0000000e+00 
mode:  173 freq= 1132.0400 
  0.0000000e+00   0.0000000e+00   0.0000000e+00 
  0.0000000e+00   0.0000000e+00   0.0000000e+00 
  0.0000000e+00   0.0000000e+00   0.0000000e+00 
mode:  174 freq= 1147.3200 
  0.0000000e+00   0.0000000e+00   0.0000000e+00 
  0.0000000e+00   0.0000000e+00   0.0000000e+00 
  0.0000000e+00   0.0000000e+00   0.0000000e+00 
mode:  175 freq= 1153.0900 
  0.0000000e+00   0.0000000e+00   0.0000000e+00 
  0.0000000e+00   0.0000000e+00   0.0000000e+00 
  0.0000000e+00   0.0000000e+00   0.0000000e+00 
mode:  176 freq= 1153.5600 
  0.0000000e+00   0.0000000e+00   0.0000000e+00 
  0.0000000e+00   0.0000000e+00   0.0000000e+00 
  0.0000000e+00   0.0000000e+00   0.0000000e+00 
mode:  177 freq= 1159.2400 
  0.0000000e+00   0.0000000e+00   0.0000000e+00 
  0.0000000e+00   0.0000000e+00   0.0000000e+00 
  0.0000000e+00   0.0000000e+00   0.0000000e+00 
mode:  178 freq= 1175.8500 
  0.0000000e+00   0.0000000e+00   0.0000000e+00 
  0.0000000e+00   0.0000000e+00   0.0000000e+00 
  0.0000000e+00   0.0000000e+00   0.0000000e+00 
mode:  179 freq= 1183.3100 
  0.0000000e+00   0.0000000e+00   0.0000000e+00 
  0.0000000e+00   0.0000000e+00   0.0000000e+00 
  0.0000000e+00   0.0000000e+00   0.0000000e+00 
mode:  180 freq= 1186.7900 
  0.0000000e+00   0.0000000e+00   0.0000000e+00 
  0.0000000e+00   0.0000000e+00   0.0000000e+00 
  0.0000000e+00   0.0000000e+00   0.0000000e+00 
mode:  181 freq= 1190.2500 
  0.0000000e+00   0.0000000e+00   0.0000000e+00 
  0.0000000e+00   0.0000000e+00   0.0000000e+00 
  0.0000000e+00   0.0000000e+00   0.0000000e+00 
mode:  182 freq= 1203.4400 
  0.0000000e+00   0.0000000e+00   0.0000000e+00 
  0.0000000e+00   0.0000000e+00   0.0000000e+00 
  0.0000000e+00   0.0000000e+00   0.0000000e+00 
mode:  183 freq= 1206.7300 
  0.0000000e+00   0.0000000e+00   0.0000000e+00 
  0.0000000e+00   0.0000000e+00   0.0000000e+00 
  0.0000000e+00   0.0000000e+00   0.0000000e+00 
mode:  184 freq= 1210.6300 
  0.0000000e+00   0.0000000e+00   0.0000000e+00 
  0.0000000e+00   0.0000000e+00   0.0000000e+00 
  0.0000000e+00   0.0000000e+00   0.0000000e+00 
mode:  185 freq= 1213.3700 
  0.0000000e+00   0.0000000e+00   0.0000000e+00 
  0.0000000e+00   0.0000000e+00   0.0000000e+00 
  0.0000000e+00   0.0000000e+00   0.0000000e+00 
mode:  186 freq= 1215.7200 
  0.0000000e+00   0.0000000e+00   0.0000000e+00 
  0.0000000e+00   0.0000000e+00   0.0000000e+00 
  0.0000000e+00   0.0000000e+00   0.0000000e+00 
mode:  187 freq= 1224.2200 
  0.0000000e+00   0.0000000e+00   0.0000000e+00 
  0.0000000e+00   0.0000000e+00   0.0000000e+00 
  0.0000000e+00   0.0000000e+00   0.0000000e+00 
mode:  188 freq= 1232.8600 
  0.0000000e+00   0.0000000e+00   0.0000000e+00 
  0.0000000e+00   0.0000000e+00   0.0000000e+00 
  0.0000000e+00   0.0000000e+00   0.0000000e+00 
mode:  189 freq= 1237.6500 
  0.0000000e+00   0.0000000e+00   0.0000000e+00 
  0.0000000e+00   0.0000000e+00   0.0000000e+00 
  0.0000000e+00   0.0000000e+00   0.0000000e+00 
mode:  190 freq= 1241.6400 
  0.0000000e+00   0.0000000e+00   0.0000000e+00 
  0.0000000e+00   0.0000000e+00   0.0000000e+00 
  0.0000000e+00   0.0000000e+00   0.0000000e+00 
mode:  191 freq= 1253.5900 
  0.0000000e+00   0.0000000e+00   0.0000000e+00 
  0.0000000e+00   0.0000000e+00   0.0000000e+00 
  0.0000000e+00   0.0000000e+00   0.0000000e+00 
mode:  192 freq= 1256.9400 
  0.0000000e+00   0.0000000e+00   0.0000000e+00 
  0.0000000e+00   0.0000000e+00   0.0000000e+00 
  0.0000000e+00   0.0000000e+00   0.0000000e+00 
mode:  193 freq= 1262.0400 
  0.0000000e+00   0.0000000e+00   0.0000000e+00 
  0.0000000e+00   0.0000000e+00   0.0000000e+00 
  0.0000000e+00   0.0000000e+00   0.0000000e+00 
mode:  194 freq= 1265.9700 
  0.0000000e+00   0.0000000e+00   0.0000000e+00 
  0.0000000e+00   0.0000000e+00   0.0000000e+00 
  0.0000000e+00   0.0000000e+00   0.0000000e+00 
mode:  195 freq= 1273.7400 
  0.0000000e+00   0.0000000e+00   0.0000000e+00 
  0.0000000e+00   0.0000000e+00   0.0000000e+00 
  0.0000000e+00   0.0000000e+00   0.0000000e+00 
mode:  196 freq= 1281.5000 
  0.0000000e+00   0.0000000e+00   0.0000000e+00 
  0.0000000e+00   0.0000000e+00   0.0000000e+00 
  0.0000000e+00   0.0000000e+00   0.0000000e+00 
mode:  197 freq= 1284.9200 
  0.0000000e+00   0.0000000e+00   0.0000000e+00 
  0.0000000e+00   0.0000000e+00   0.0000000e+00 
  0.0000000e+00   0.0000000e+00   0.0000000e+00 
mode:  198 freq= 1295.2300 
  0.0000000e+00   0.0000000e+00   0.0000000e+00 
  0.0000000e+00   0.0000000e+00   0.0000000e+00 
  0.0000000e+00   0.0000000e+00   0.0000000e+00 
mode:  199 freq= 1296.5700 
  0.0000000e+00   0.0000000e+00   0.0000000e+00 
  0.0000000e+00   0.0000000e+00   0.0000000e+00 
  0.0000000e+00   0.0000000e+00   0.0000000e+00 
mode:  200 freq= 1304.9000 
  0.0000000e+00   0.0000000e+00   0.0000000e+00 
  0.0000000e+00   0.0000000e+00   0.0000000e+00 
  0.0000000e+00   0.0000000e+00   0.0000000e+00 
mode:  201 freq= 1307.6100 
  0.0000000e+00   0.0000000e+00   0.0000000e+00 
  0.0000000e+00   0.0000000e+00   0.0000000e+00 
  0.0000000e+00   0.0000000e+00   0.0000000e+00 
mode:  202 freq= 1324.4800 
  0.0000000e+00   0.0000000e+00   0.0000000e+00 
  0.0000000e+00   0.0000000e+00   0.0000000e+00 
  0.0000000e+00   0.0000000e+00   0.0000000e+00 
mode:  203 freq= 1327.3800 
  0.0000000e+00   0.0000000e+00   0.0000000e+00 
  0.0000000e+00   0.0000000e+00   0.0000000e+00 
  0.0000000e+00   0.0000000e+00   0.0000000e+00 
mode:  204 freq= 1344.7800 
  0.0000000e+00   0.0000000e+00   0.0000000e+00 
  0.0000000e+00   0.0000000e+00   0.0000000e+00 
  0.0000000e+00   0.0000000e+00   0.0000000e+00 
mode:  205 freq= 1345.7500 
  0.0000000e+00   0.0000000e+00   0.0000000e+00 
  0.0000000e+00   0.0000000e+00   0.0000000e+00 
  0.0000000e+00   0.0000000e+00   0.0000000e+00 
mode:  206 freq= 1349.2400 
  0.0000000e+00   0.0000000e+00   0.0000000e+00 
  0.0000000e+00   0.0000000e+00   0.0000000e+00 
  0.0000000e+00   0.0000000e+00   0.0000000e+00 
mode:  207 freq= 1351.1300 
  0.0000000e+00   0.0000000e+00   0.0000000e+00 
  0.0000000e+00   0.0000000e+00   0.0000000e+00 
  0.0000000e+00   0.0000000e+00   0.0000000e+00 
mode:  208 freq= 1378.5900 
  0.0000000e+00   0.0000000e+00   0.0000000e+00 
  0.0000000e+00   0.0000000e+00   0.0000000e+00 
  0.0000000e+00   0.0000000e+00   0.0000000e+00 
mode:  209 freq= 1379.9700 
  0.0000000e+00   0.0000000e+00   0.0000000e+00 
  0.0000000e+00   0.0000000e+00   0.0000000e+00 
  0.0000000e+00   0.0000000e+00   0.0000000e+00 
mode:  210 freq= 1380.9400 
  0.0000000e+00   0.0000000e+00   0.0000000e+00 
  0.0000000e+00   0.0000000e+00   0.0000000e+00 
  0.0000000e+00   0.0000000e+00   0.0000000e+00 
mode:  211 freq= 1383.0100 
  0.0000000e+00   0.0000000e+00   0.0000000e+00 
  0.0000000e+00   0.0000000e+00   0.0000000e+00 
  0.0000000e+00   0.0000000e+00   0.0000000e+00 
mode:  212 freq= 1385.8100 
  0.0000000e+00   0.0000000e+00   0.0000000e+00 
  0.0000000e+00   0.0000000e+00   0.0000000e+00 
  0.0000000e+00   0.0000000e+00   0.0000000e+00 
mode:  213 freq= 1386.8400 
  0.0000000e+00   0.0000000e+00   0.0000000e+00 
  0.0000000e+00   0.0000000e+00   0.0000000e+00 
  0.0000000e+00   0.0000000e+00   0.0000000e+00 
mode:  214 freq= 1391.6800 
  0.0000000e+00   0.0000000e+00   0.0000000e+00 
  0.0000000e+00   0.0000000e+00   0.0000000e+00 
  0.0000000e+00   0.0000000e+00   0.0000000e+00 
mode:  215 freq= 1392.3300 
  0.0000000e+00   0.0000000e+00   0.0000000e+00 
  0.0000000e+00   0.0000000e+00   0.0000000e+00 
  0.0000000e+00   0.0000000e+00   0.0000000e+00 
mode:  216 freq= 1394.1000 
  0.0000000e+00   0.0000000e+00   0.0000000e+00 
  0.0000000e+00   0.0000000e+00   0.0000000e+00 
  0.0000000e+00   0.0000000e+00   0.0000000e+00 
mode:  217 freq= 1403.5500 
  0.0000000e+00   0.0000000e+00   0.0000000e+00 
  0.0000000e+00   0.0000000e+00   0.0000000e+00 
  0.0000000e+00   0.0000000e+00   0.0000000e+00 
mode:  218 freq= 1403.8000 
  0.0000000e+00   0.0000000e+00   0.0000000e+00 
  0.0000000e+00   0.0000000e+00   0.0000000e+00 
  0.0000000e+00   0.0000000e+00   0.0000000e+00 
mode:  219 freq= 1404.5900 
  0.0000000e+00   0.0000000e+00   0.0000000e+00 
  0.0000000e+00   0.0000000e+00   0.0000000e+00 
  0.0000000e+00   0.0000000e+00   0.0000000e+00 
mode:  220 freq= 1407.9900 
  0.0000000e+00   0.0000000e+00   0.0000000e+00 
  0.0000000e+00   0.0000000e+00   0.0000000e+00 
  0.0000000e+00   0.0000000e+00   0.0000000e+00 
mode:  221 freq= 1411.4700 
  0.0000000e+00   0.0000000e+00   0.0000000e+00 
  0.0000000e+00   0.0000000e+00   0.0000000e+00 
  0.0000000e+00   0.0000000e+00   0.0000000e+00 
mode:  222 freq= 1412.8400 
  0.0000000e+00   0.0000000e+00   0.0000000e+00 
  0.0000000e+00   0.0000000e+00   0.0000000e+00 
  0.0000000e+00   0.0000000e+00   0.0000000e+00 
mode:  223 freq= 1416.4300 
  0.0000000e+00   0.0000000e+00   0.0000000e+00 
  0.0000000e+00   0.0000000e+00   0.0000000e+00 
  0.0000000e+00   0.0000000e+00   0.0000000e+00 
mode:  224 freq= 1417.8000 
  0.0000000e+00   0.0000000e+00   0.0000000e+00 
  0.0000000e+00   0.0000000e+00   0.0000000e+00 
  0.0000000e+00   0.0000000e+00   0.0000000e+00 
mode:  225 freq= 1431.1000 
  0.0000000e+00   0.0000000e+00   0.0000000e+00 
  0.0000000e+00   0.0000000e+00   0.0000000e+00 
  0.0000000e+00   0.0000000e+00   0.0000000e+00 
mode:  226 freq= 1431.2900 
  0.0000000e+00   0.0000000e+00   0.0000000e+00 
  0.0000000e+00   0.0000000e+00   0.0000000e+00 
  0.0000000e+00   0.0000000e+00   0.0000000e+00 
mode:  227 freq= 1436.8700 
  0.0000000e+00   0.0000000e+00   0.0000000e+00 
  0.0000000e+00   0.0000000e+00   0.0000000e+00 
  0.0000000e+00   0.0000000e+00   0.0000000e+00 
mode:  228 freq= 1439.0900 
  0.0000000e+00   0.0000000e+00   0.0000000e+00 
  0.0000000e+00   0.0000000e+00   0.0000000e+00 
  0.0000000e+00   0.0000000e+00   0.0000000e+00 
mode:  229 freq= 1439.7300 
  0.0000000e+00   0.0000000e+00   0.0000000e+00 
  0.0000000e+00   0.0000000e+00   0.0000000e+00 
  0.0000000e+00   0.0000000e+00   0.0000000e+00 
mode:  230 freq= 1442.0600 
  0.0000000e+00   0.0000000e+00   0.0000000e+00 
  0.0000000e+00   0.0000000e+00   0.0000000e+00 
  0.0000000e+00   0.0000000e+00   0.0000000e+00 
mode:  231 freq= 1447.4700 
  0.0000000e+00   0.0000000e+00   0.0000000e+00 
  0.0000000e+00   0.0000000e+00   0.0000000e+00 
  0.0000000e+00   0.0000000e+00   0.0000000e+00 
mode:  232 freq= 1447.7900 
  0.0000000e+00   0.0000000e+00   0.0000000e+00 
  0.0000000e+00   0.0000000e+00   0.0000000e+00 
  0.0000000e+00   0.0000000e+00   0.0000000e+00 
mode:  233 freq= 1448.4600 
  0.0000000e+00   0.0000000e+00   0.0000000e+00 
  0.0000000e+00   0.0000000e+00   0.0000000e+00 
  0.0000000e+00   0.0000000e+00   0.0000000e+00 
mode:  234 freq= 1452.6900 
  0.0000000e+00   0.0000000e+00   0.0000000e+00 
  0.0000000e+00   0.0000000e+00   0.0000000e+00 
  0.0000000e+00   0.0000000e+00   0.0000000e+00 
mode:  235 freq= 1454.0600 
  0.0000000e+00   0.0000000e+00   0.0000000e+00 
  0.0000000e+00   0.0000000e+00   0.0000000e+00 
  0.0000000e+00   0.0000000e+00   0.0000000e+00 
mode:  236 freq= 1455.6700 
  0.0000000e+00   0.0000000e+00   0.0000000e+00 
  0.0000000e+00   0.0000000e+00   0.0000000e+00 
  0.0000000e+00   0.0000000e+00   0.0000000e+00 
mode:  237 freq= 1456.7400 
  0.0000000e+00   0.0000000e+00   0.0000000e+00 
  0.0000000e+00   0.0000000e+00   0.0000000e+00 
  0.0000000e+00   0.0000000e+00   0.0000000e+00 
mode:  238 freq= 1457.6100 
  0.0000000e+00   0.0000000e+00   0.0000000e+00 
  0.0000000e+00   0.0000000e+00   0.0000000e+00 
  0.0000000e+00   0.0000000e+00   0.0000000e+00 
mode:  239 freq= 1459.1200 
  0.0000000e+00   0.0000000e+00   0.0000000e+00 
  0.0000000e+00   0.0000000e+00   0.0000000e+00 
  0.0000000e+00   0.0000000e+00   0.0000000e+00 
mode:  240 freq= 1467.0800 
  0.0000000e+00   0.0000000e+00   0.0000000e+00 
  0.0000000e+00   0.0000000e+00   0.0000000e+00 
  0.0000000e+00   0.0000000e+00   0.0000000e+00 
mode:  241 freq= 1472.8100 
  0.0000000e+00   0.0000000e+00   0.0000000e+00 
  0.0000000e+00   0.0000000e+00   0.0000000e+00 
  0.0000000e+00   0.0000000e+00   0.0000000e+00 
mode:  242 freq= 1476.1000 
  0.0000000e+00   0.0000000e+00   0.0000000e+00 
  0.0000000e+00   0.0000000e+00   0.0000000e+00 
  0.0000000e+00   0.0000000e+00   0.0000000e+00 
mode:  243 freq= 1478.6200 
  0.0000000e+00   0.0000000e+00   0.0000000e+00 
  0.0000000e+00   0.0000000e+00   0.0000000e+00 
  0.0000000e+00   0.0000000e+00   0.0000000e+00 
mode:  244 freq= 1479.2600 
  0.0000000e+00   0.0000000e+00   0.0000000e+00 
  0.0000000e+00   0.0000000e+00   0.0000000e+00 
  0.0000000e+00   0.0000000e+00   0.0000000e+00 
mode:  245 freq= 1483.8300 
  0.0000000e+00   0.0000000e+00   0.0000000e+00 
  0.0000000e+00   0.0000000e+00   0.0000000e+00 
  0.0000000e+00   0.0000000e+00   0.0000000e+00 
mode:  246 freq= 1488.1500 
  0.0000000e+00   0.0000000e+00   0.0000000e+00 
  0.0000000e+00   0.0000000e+00   0.0000000e+00 
  0.0000000e+00   0.0000000e+00   0.0000000e+00 
mode:  247 freq= 1489.1100 
  0.0000000e+00   0.0000000e+00   0.0000000e+00 
  0.0000000e+00   0.0000000e+00   0.0000000e+00 
  0.0000000e+00   0.0000000e+00   0.0000000e+00 
mode:  248 freq= 1489.6300 
  0.0000000e+00   0.0000000e+00   0.0000000e+00 
  0.0000000e+00   0.0000000e+00   0.0000000e+00 
  0.0000000e+00   0.0000000e+00   0.0000000e+00 
mode:  249 freq= 1492.8600 
  0.0000000e+00   0.0000000e+00   0.0000000e+00 
  0.0000000e+00   0.0000000e+00   0.0000000e+00 
  0.0000000e+00   0.0000000e+00   0.0000000e+00 
mode:  250 freq= 1495.2700 
  0.0000000e+00   0.0000000e+00   0.0000000e+00 
  0.0000000e+00   0.0000000e+00   0.0000000e+00 
  0.0000000e+00   0.0000000e+00   0.0000000e+00 
mode:  251 freq= 1496.8500 
  0.0000000e+00   0.0000000e+00   0.0000000e+00 
  0.0000000e+00   0.0000000e+00   0.0000000e+00 
  0.0000000e+00   0.0000000e+00   0.0000000e+00 
mode:  252 freq= 1500.9900 
  0.0000000e+00   0.0000000e+00   0.0000000e+00 
  0.0000000e+00   0.0000000e+00   0.0000000e+00 
  0.0000000e+00   0.0000000e+00   0.0000000e+00 
mode:  253 freq= 1503.9000 
  0.0000000e+00   0.0000000e+00   0.0000000e+00 
  0.0000000e+00   0.0000000e+00   0.0000000e+00 
  0.0000000e+00   0.0000000e+00   0.0000000e+00 
mode:  254 freq= 1513.2500 
  0.0000000e+00   0.0000000e+00   0.0000000e+00 
  0.0000000e+00   0.0000000e+00   0.0000000e+00 
  0.0000000e+00   0.0000000e+00   0.0000000e+00 
mode:  255 freq= 1515.9800 
  0.0000000e+00   0.0000000e+00   0.0000000e+00 
  0.0000000e+00   0.0000000e+00   0.0000000e+00 
  0.0000000e+00   0.0000000e+00   0.0000000e+00 
mode:  256 freq= 1516.7200 
  0.0000000e+00   0.0000000e+00   0.0000000e+00 
  0.0000000e+00   0.0000000e+00   0.0000000e+00 
  0.0000000e+00   0.0000000e+00   0.0000000e+00 
mode:  257 freq= 1522.6700 
  0.0000000e+00   0.0000000e+00   0.0000000e+00 
  0.0000000e+00   0.0000000e+00   0.0000000e+00 
  0.0000000e+00   0.0000000e+00   0.0000000e+00 
mode:  258 freq= 1544.3600 
  0.0000000e+00   0.0000000e+00   0.0000000e+00 
  0.0000000e+00   0.0000000e+00   0.0000000e+00 
  0.0000000e+00   0.0000000e+00   0.0000000e+00 
mode:  259 freq= 1549.2100 
  0.0000000e+00   0.0000000e+00   0.0000000e+00 
  0.0000000e+00   0.0000000e+00   0.0000000e+00 
  0.0000000e+00   0.0000000e+00   0.0000000e+00 
mode:  260 freq= 1591.0600 
  0.0000000e+00   0.0000000e+00   0.0000000e+00 
  0.0000000e+00   0.0000000e+00   0.0000000e+00 
  0.0000000e+00   0.0000000e+00   0.0000000e+00 
mode:  261 freq= 1657.0600 
  0.0000000e+00   0.0000000e+00   0.0000000e+00 
  0.0000000e+00   0.0000000e+00   0.0000000e+00 
  0.0000000e+00   0.0000000e+00   0.0000000e+00 
mode:  262 freq= 1661.7300 
  0.0000000e+00   0.0000000e+00   0.0000000e+00 
  0.0000000e+00   0.0000000e+00   0.0000000e+00 
  0.0000000e+00   0.0000000e+00   0.0000000e+00 
mode:  263 freq= 1663.6400 
  0.0000000e+00   0.0000000e+00   0.0000000e+00 
  0.0000000e+00   0.0000000e+00   0.0000000e+00 
  0.0000000e+00   0.0000000e+00   0.0000000e+00 
mode:  264 freq= 1666.6500 
  0.0000000e+00   0.0000000e+00   0.0000000e+00 
  0.0000000e+00   0.0000000e+00   0.0000000e+00 
  0.0000000e+00   0.0000000e+00   0.0000000e+00 
mode:  265 freq= 1670.6900 
  0.0000000e+00   0.0000000e+00   0.0000000e+00 
  0.0000000e+00   0.0000000e+00   0.0000000e+00 
  0.0000000e+00   0.0000000e+00   0.0000000e+00 
mode:  266 freq= 1673.3900 
  0.0000000e+00   0.0000000e+00   0.0000000e+00 
  0.0000000e+00   0.0000000e+00   0.0000000e+00 
  0.0000000e+00   0.0000000e+00   0.0000000e+00 
mode:  267 freq= 1682.6700 
  0.0000000e+00   0.0000000e+00   0.0000000e+00 
  0.0000000e+00   0.0000000e+00   0.0000000e+00 
  0.0000000e+00   0.0000000e+00   0.0000000e+00 
mode:  268 freq= 1685.2000 
  0.0000000e+00   0.0000000e+00   0.0000000e+00 
  0.0000000e+00   0.0000000e+00   0.0000000e+00 
  0.0000000e+00   0.0000000e+00   0.0000000e+00 
mode:  269 freq= 1693.7000 
  0.0000000e+00   0.0000000e+00   0.0000000e+00 
  0.0000000e+00   0.0000000e+00   0.0000000e+00 
  0.0000000e+00   0.0000000e+00   0.0000000e+00 
mode:  270 freq= 1703.2800 
  0.0000000e+00   0.0000000e+00   0.0000000e+00 
  0.0000000e+00   0.0000000e+00   0.0000000e+00 
  0.0000000e+00   0.0000000e+00   0.0000000e+00 
mode:  271 freq= 1728.6900 
  0.0000000e+00   0.0000000e+00   0.0000000e+00 
  0.0000000e+00   0.0000000e+00   0.0000000e+00 
  0.0000000e+00   0.0000000e+00   0.0000000e+00 
mode:  272 freq= 3020.1200 
  0.0000000e+00   0.0000000e+00   0.0000000e+00 
  0.0000000e+00   0.0000000e+00   0.0000000e+00 
  0.0000000e+00   0.0000000e+00   0.0000000e+00 
mode:  273 freq= 3037.7400 
  0.0000000e+00   0.0000000e+00   0.0000000e+00 
  0.0000000e+00   0.0000000e+00   0.0000000e+00 
  0.0000000e+00   0.0000000e+00   0.0000000e+00 
mode:  274 freq= 3040.2200 
  0.0000000e+00   0.0000000e+00   0.0000000e+00 
  0.0000000e+00   0.0000000e+00   0.0000000e+00 
  0.0000000e+00   0.0000000e+00   0.0000000e+00 
mode:  275 freq= 3044.6600 
  0.0000000e+00   0.0000000e+00   0.0000000e+00 
  0.0000000e+00   0.0000000e+00   0.0000000e+00 
  0.0000000e+00   0.0000000e+00   0.0000000e+00 
mode:  276 freq= 3056.6200 
  0.0000000e+00   0.0000000e+00   0.0000000e+00 
  0.0000000e+00   0.0000000e+00   0.0000000e+00 
  0.0000000e+00   0.0000000e+00   0.0000000e+00 
mode:  277 freq= 3060.8400 
  0.0000000e+00   0.0000000e+00   0.0000000e+00 
  0.0000000e+00   0.0000000e+00   0.0000000e+00 
  0.0000000e+00   0.0000000e+00   0.0000000e+00 
mode:  278 freq= 3061.3000 
  0.0000000e+00   0.0000000e+00   0.0000000e+00 
  0.0000000e+00   0.0000000e+00   0.0000000e+00 
  0.0000000e+00   0.0000000e+00   0.0000000e+00 
mode:  279 freq= 3062.9500 
  0.0000000e+00   0.0000000e+00   0.0000000e+00 
  0.0000000e+00   0.0000000e+00   0.0000000e+00 
  0.0000000e+00   0.0000000e+00   0.0000000e+00 
mode:  280 freq= 3065.5300 
  0.0000000e+00   0.0000000e+00   0.0000000e+00 
  0.0000000e+00   0.0000000e+00   0.0000000e+00 
  0.0000000e+00   0.0000000e+00   0.0000000e+00 
mode:  281 freq= 3071.1500 
  0.0000000e+00   0.0000000e+00   0.0000000e+00 
  0.0000000e+00   0.0000000e+00   0.0000000e+00 
  0.0000000e+00   0.0000000e+00   0.0000000e+00 
mode:  282 freq= 3075.6100 
  0.0000000e+00   0.0000000e+00   0.0000000e+00 
  0.0000000e+00   0.0000000e+00   0.0000000e+00 
  0.0000000e+00   0.0000000e+00   0.0000000e+00 
mode:  283 freq= 3075.7500 
  0.0000000e+00   0.0000000e+00   0.0000000e+00 
  0.0000000e+00   0.0000000e+00   0.0000000e+00 
  0.0000000e+00   0.0000000e+00   0.0000000e+00 
mode:  284 freq= 3079.6500 
  0.0000000e+00   0.0000000e+00   0.0000000e+00 
  0.0000000e+00   0.0000000e+00   0.0000000e+00 
  0.0000000e+00   0.0000000e+00   0.0000000e+00 
mode:  285 freq= 3113.7700 
  0.0000000e+00   0.0000000e+00   0.0000000e+00 
  0.0000000e+00   0.0000000e+00   0.0000000e+00 
  0.0000000e+00   0.0000000e+00   0.0000000e+00 
mode:  286 freq= 3117.9500 
  0.0000000e+00   0.0000000e+00   0.0000000e+00 
  0.0000000e+00   0.0000000e+00   0.0000000e+00 
  0.0000000e+00   0.0000000e+00   0.0000000e+00 
mode:  287 freq= 3122.1100 
  0.0000000e+00   0.0000000e+00   0.0000000e+00 
  0.0000000e+00   0.0000000e+00   0.0000000e+00 
  0.0000000e+00   0.0000000e+00   0.0000000e+00 
mode:  288 freq= 3126.2100 
  0.0000000e+00   0.0000000e+00   0.0000000e+00 
  0.0000000e+00   0.0000000e+00   0.0000000e+00 
  0.0000000e+00   0.0000000e+00   0.0000000e+00 
mode:  289 freq= 3128.9800 
  0.0000000e+00   0.0000000e+00   0.0000000e+00 
  0.0000000e+00   0.0000000e+00   0.0000000e+00 
  0.0000000e+00   0.0000000e+00   0.0000000e+00 
mode:  290 freq= 3151.8400 
  0.0000000e+00   0.0000000e+00   0.0000000e+00 
  0.0000000e+00   0.0000000e+00   0.0000000e+00 
  0.0000000e+00   0.0000000e+00   0.0000000e+00 
mode:  291 freq= 3154.2100 
  0.0000000e+00   0.0000000e+00   0.0000000e+00 
  0.0000000e+00   0.0000000e+00   0.0000000e+00 
  0.0000000e+00   0.0000000e+00   0.0000000e+00 
mode:  292 freq= 3155.8700 
  0.0000000e+00   0.0000000e+00   0.0000000e+00 
  0.0000000e+00   0.0000000e+00   0.0000000e+00 
  0.0000000e+00   0.0000000e+00   0.0000000e+00 
mode:  293 freq= 3156.1100 
  0.0000000e+00   0.0000000e+00   0.0000000e+00 
  0.0000000e+00   0.0000000e+00   0.0000000e+00 
  0.0000000e+00   0.0000000e+00   0.0000000e+00 
mode:  294 freq= 3158.6400 
  0.0000000e+00   0.0000000e+00   0.0000000e+00 
  0.0000000e+00   0.0000000e+00   0.0000000e+00 
  0.0000000e+00   0.0000000e+00   0.0000000e+00 
mode:  295 freq= 3159.8600 
  0.0000000e+00   0.0000000e+00   0.0000000e+00 
  0.0000000e+00   0.0000000e+00   0.0000000e+00 
  0.0000000e+00   0.0000000e+00   0.0000000e+00 
mode:  296 freq= 3163.2800 
  0.0000000e+00   0.0000000e+00   0.0000000e+00 
  0.0000000e+00   0.0000000e+00   0.0000000e+00 
  0.0000000e+00   0.0000000e+00   0.0000000e+00 
mode:  297 freq= 3164.9600 
  0.0000000e+00   0.0000000e+00   0.0000000e+00 
  0.0000000e+00   0.0000000e+00   0.0000000e+00 
  0.0000000e+00   0.0000000e+00   0.0000000e+00 
mode:  298 freq= 3167.9200 
  0.0000000e+00   0.0000000e+00   0.0000000e+00 
  0.0000000e+00   0.0000000e+00   0.0000000e+00 
  0.0000000e+00   0.0000000e+00   0.0000000e+00 
mode:  299 freq= 3170.3600 
  0.0000000e+00   0.0000000e+00   0.0000000e+00 
  0.0000000e+00   0.0000000e+00   0.0000000e+00 
  0.0000000e+00   0.0000000e+00   0.0000000e+00 
mode:  300 freq= 3172.5000 
  0.0000000e+00   0.0000000e+00   0.0000000e+00 
  0.0000000e+00   0.0000000e+00   0.0000000e+00 
  0.0000000e+00   0.0000000e+00   0.0000000e+00 
mode:  301 freq= 3172.9700 
  0.0000000e+00   0.0000000e+00   0.0000000e+00 
  0.0000000e+00   0.0000000e+00   0.0000000e+00 
  0.0000000e+00   0.0000000e+00   0.0000000e+00 
mode:  302 freq= 3180.1800 
  0.0000000e+00   0.0000000e+00   0.0000000e+00 
  0.0000000e+00   0.0000000e+00   0.0000000e+00 
  0.0000000e+00   0.0000000e+00   0.0000000e+00 
mode:  303 freq= 3186.3600 
  0.0000000e+00   0.0000000e+00   0.0000000e+00 
  0.0000000e+00   0.0000000e+00   0.0000000e+00 
  0.0000000e+00   0.0000000e+00   0.0000000e+00 
mode:  304 freq= 3190.0200 
  0.0000000e+00   0.0000000e+00   0.0000000e+00 
  0.0000000e+00   0.0000000e+00   0.0000000e+00 
  0.0000000e+00   0.0000000e+00   0.0000000e+00 
mode:  305 freq= 3191.2100 
  0.0000000e+00   0.0000000e+00   0.0000000e+00 
  0.0000000e+00   0.0000000e+00   0.0000000e+00 
  0.0000000e+00   0.0000000e+00   0.0000000e+00 
mode:  306 freq= 3191.4500 
  0.0000000e+00   0.0000000e+00   0.0000000e+00 
  0.0000000e+00   0.0000000e+00   0.0000000e+00 
  0.0000000e+00   0.0000000e+00   0.0000000e+00 
mode:  307 freq= 3198.8800 
  0.0000000e+00   0.0000000e+00   0.0000000e+00 
  0.0000000e+00   0.0000000e+00   0.0000000e+00 
  0.0000000e+00   0.0000000e+00   0.0000000e+00 
mode:  308 freq= 3205.0800 
  0.0000000e+00   0.0000000e+00   0.0000000e+00 
  0.0000000e+00   0.0000000e+00   0.0000000e+00 
  0.0000000e+00   0.0000000e+00   0.0000000e+00 
mode:  309 freq= 3216.3900 
  0.0000000e+00   0.0000000e+00   0.0000000e+00 
  0.0000000e+00   0.0000000e+00   0.0000000e+00 
  0.0000000e+00   0.0000000e+00   0.0000000e+00 
mode:  310 freq= 3216.4400 
  0.0000000e+00   0.0000000e+00   0.0000000e+00 
  0.0000000e+00   0.0000000e+00   0.0000000e+00 
  0.0000000e+00   0.0000000e+00   0.0000000e+00 
mode:  311 freq= 3217.8900 
  0.0000000e+00   0.0000000e+00   0.0000000e+00 
  0.0000000e+00   0.0000000e+00   0.0000000e+00 
  0.0000000e+00   0.0000000e+00   0.0000000e+00 
mode:  312 freq= 3219.4800 
  0.0000000e+00   0.0000000e+00   0.0000000e+00 
  0.0000000e+00   0.0000000e+00   0.0000000e+00 
  0.0000000e+00   0.0000000e+00   0.0000000e+00 
mode:  313 freq= 3222.3300 
  0.0000000e+00   0.0000000e+00   0.0000000e+00 
  0.0000000e+00   0.0000000e+00   0.0000000e+00 
  0.0000000e+00   0.0000000e+00   0.0000000e+00 
mode:  314 freq= 3225.7400 
  0.0000000e+00   0.0000000e+00   0.0000000e+00 
  0.0000000e+00   0.0000000e+00   0.0000000e+00 
  0.0000000e+00   0.0000000e+00   0.0000000e+00 
mode:  315 freq= 3228.8600 
  0.0000000e+00   0.0000000e+00   0.0000000e+00 
  0.0000000e+00   0.0000000e+00   0.0000000e+00 
  0.0000000e+00   0.0000000e+00   0.0000000e+00 
mode:  316 freq= 3230.2200 
  0.0000000e+00   0.0000000e+00   0.0000000e+00 
  0.0000000e+00   0.0000000e+00   0.0000000e+00 
  0.0000000e+00   0.0000000e+00   0.0000000e+00 
mode:  317 freq= 3231.8800 
  0.0000000e+00   0.0000000e+00   0.0000000e+00 
  0.0000000e+00   0.0000000e+00   0.0000000e+00 
  0.0000000e+00   0.0000000e+00   0.0000000e+00 
mode:  318 freq= 3232.1100 
  0.0000000e+00   0.0000000e+00   0.0000000e+00 
  0.0000000e+00   0.0000000e+00   0.0000000e+00 
  0.0000000e+00   0.0000000e+00   0.0000000e+00 
mode:  319 freq= 3235.1100 
  0.0000000e+00   0.0000000e+00   0.0000000e+00 
  0.0000000e+00   0.0000000e+00   0.0000000e+00 
  0.0000000e+00   0.0000000e+00   0.0000000e+00 
mode:  320 freq= 3239.6200 
  0.0000000e+00   0.0000000e+00   0.0000000e+00 
  0.0000000e+00   0.0000000e+00   0.0000000e+00 
  0.0000000e+00   0.0000000e+00   0.0000000e+00 
mode:  321 freq= 3240.8500 
  0.0000000e+00   0.0000000e+00   0.0000000e+00 
  0.0000000e+00   0.0000000e+00   0.0000000e+00 
  0.0000000e+00   0.0000000e+00   0.0000000e+00 
mode:  322 freq= 3244.9900 
  0.0000000e+00   0.0000000e+00   0.0000000e+00 
  0.0000000e+00   0.0000000e+00   0.0000000e+00 
  0.0000000e+00   0.0000000e+00   0.0000000e+00 
mode:  323 freq= 3245.9600 
  0.0000000e+00   0.0000000e+00   0.0000000e+00 
  0.0000000e+00   0.0000000e+00   0.0000000e+00 
  0.0000000e+00   0.0000000e+00   0.0000000e+00 
