unit: cm^{-1}, only max(dg)>1.000e-04 are saved; dg/dQ_alpha * Q_alpha 
mode:   11 freq=   20.8900 
 -9.2413692e-04  -1.6900764e-03  -6.1543827e-04 
 -1.4944349e-03  -2.5854611e-03   4.9371913e-04 
 -7.0464852e-04   6.7022499e-04  -2.2363674e-03 
mode:   12 freq=   27.5300 
 -4.9127703e-05  -9.0916916e-04  -2.1271025e-04 
 -5.4632917e-04   4.0452337e-04  -4.4576168e-04 
 -4.5713923e-04  -5.3336432e-04   2.4488960e-04 
mode:   13 freq=   35.5700 
  7.3960029e-04  -7.3033706e-04  -1.3805074e-03 
 -6.4038872e-04   1.8481505e-04   4.5964830e-04 
 -1.2830052e-03   4.6189600e-04  -2.0919639e-03 
mode:   14 freq=   45.1800 
 -2.1262570e-03   2.9360220e-04   3.1439369e-03 
  2.9874520e-04   4.1400079e-04  -2.5298829e-04 
  2.8488865e-03  -4.0694833e-04   3.2397120e-03 
mode:   15 freq=   50.7400 
 -8.4542409e-05  -2.0623185e-03  -1.2879688e-03 
 -2.0052815e-03  -2.1170894e-04  -1.3403574e-05 
 -1.3114654e-03   5.0392908e-05  -1.9666466e-03 
mode:   16 freq=   58.3100 
 -1.2381717e-03  -1.2643976e-03   2.1375241e-05 
 -1.2809958e-03  -2.6552301e-03   5.5395359e-04 
 -2.3333275e-04   7.6526829e-04  -1.9651650e-03 
mode:   17 freq=   67.6100 
 -1.0585583e-03  -1.1799368e-03   1.2503175e-03 
 -1.1545045e-03   1.5845075e-03  -1.1913443e-03 
  1.2463975e-03  -1.0876857e-03   1.8227482e-03 
mode:   18 freq=   78.7600 
 -1.1878579e-03   2.3729145e-04   6.9284666e-04 
  3.5240332e-04  -3.4916686e-03   4.0584798e-04 
  6.3479297e-04   2.7727545e-04  -7.8617281e-05 
mode:   19 freq=   81.3300 
  7.3614420e-04  -1.7324768e-03  -2.6090567e-03 
 -1.4920939e-03  -1.0327794e-03  -2.1468327e-04 
 -2.4613461e-03  -1.3680295e-04  -2.0509459e-03 
mode:   20 freq=   84.8300 
 -2.9429852e-04   1.0132535e-03   5.2621003e-04 
  7.8593665e-04  -2.0745042e-03   6.0152610e-05 
  4.4818512e-04  -2.0746436e-04   6.2314754e-04 
mode:   21 freq=   90.3200 
 -1.0810567e-03   5.1214378e-04   9.9031144e-04 
  3.5389648e-04  -2.5701097e-03  -1.9003640e-04 
  8.4132143e-04  -2.7980579e-04   1.0104934e-03 
mode:   22 freq=  100.1500 
  3.0134837e-04  -5.9636461e-05  -3.0224087e-04 
 -5.5063760e-05   1.7124976e-03  -9.2350540e-04 
 -2.9849036e-04  -1.1267256e-03   1.1435858e-03 
mode:   23 freq=  103.1100 
 -4.3208956e-04   1.2637711e-03   8.0752776e-04 
  1.2830359e-03  -1.2197003e-03   4.5366390e-04 
  7.3820464e-04   5.9984848e-04   1.6975115e-04 
mode:   24 freq=  109.9100 
 -7.3485746e-04   1.2595209e-03   1.8631395e-03 
  9.8728953e-04  -2.5622161e-04   3.4840994e-04 
  1.7528630e-03   5.0891448e-04   1.2501440e-03 
mode:   25 freq=  126.9900 
  3.8217463e-04   1.6607618e-03   9.6315709e-04 
  1.4327125e-03   2.6153802e-04   1.7238114e-04 
  6.6847777e-04   1.9287016e-04   9.7215549e-04 
mode:   26 freq=  132.9400 
  2.9151256e-04   4.2071132e-06  -5.8091794e-04 
 -1.2315537e-04   3.3583655e-04  -3.4458523e-04 
 -3.8240183e-04  -4.4786437e-04   2.6043703e-04 
mode:   27 freq=  142.8300 
  5.8931616e-05  -1.5929324e-03  -7.8286922e-04 
 -1.4539413e-03   2.0538972e-03  -2.7488221e-04 
 -5.4924956e-04  -1.4219478e-04  -8.1276552e-04 
mode:   28 freq=  145.8500 
  9.8431214e-04  -8.9494551e-05  -1.3139602e-03 
 -1.2583389e-04  -9.4210397e-04   3.8047110e-04 
 -1.2898200e-03   2.4737748e-04  -1.1051041e-03 
mode:   29 freq=  155.9300 
  3.8581518e-05   4.7993669e-04   4.7033170e-04 
  2.3888288e-04   2.1640606e-05  -4.3962842e-04 
  2.6155270e-04  -5.5272357e-04   1.1138467e-03 
mode:   30 freq=  164.9400 
  3.9425351e-04   6.3095182e-04   2.9059954e-04 
  5.5502465e-04   1.2661920e-03  -8.9391712e-05 
  3.0773894e-04  -2.5500318e-04   1.0437585e-03 
mode:   31 freq=  174.3500 
  8.3569160e-05   3.9012374e-04  -1.5627037e-05 
  4.9980005e-04  -6.5119737e-04   7.1265860e-04 
  1.2761116e-05   6.9137807e-04  -7.2696656e-04 
mode:   32 freq=  179.8100 
  2.6861704e-04   2.5478808e-04  -1.1347610e-04 
  4.7869557e-04   8.5759096e-05   6.2479574e-04 
 -6.4928494e-05   5.9016306e-04  -6.9235101e-04 
mode:   33 freq=  182.0900 
  3.9940820e-05   4.6292273e-04   4.8271719e-04 
  3.8755195e-04   5.4049471e-04  -1.2077980e-04 
  3.7869833e-04  -1.2482953e-04   8.5293616e-04 
mode:   34 freq=  188.2600 
 -1.0763491e-03   6.5111794e-04   1.0210085e-03 
  9.1333132e-04  -2.3572673e-03   7.2051910e-04 
  1.0092508e-03   7.0143897e-04  -2.1186078e-04 
mode:   35 freq=  192.3600 
 -1.0988982e-03   6.1925011e-04   1.2455609e-03 
  9.2177934e-04  -1.3848460e-03   4.0525400e-04 
  1.1858245e-03   4.0703274e-04   3.5445771e-04 
mode:   36 freq=  193.4800 
 -1.8495801e-04   1.6204536e-03   1.5038843e-03 
  1.2593944e-03   1.2118965e-03  -4.1784218e-04 
  1.5371415e-03  -2.2292874e-04   2.7843410e-03 
mode:   37 freq=  202.8000 
 -7.7078535e-04   7.8264220e-04   9.1920308e-04 
  9.2178217e-04  -1.6391517e-03   5.7506686e-04 
  9.6053059e-04   5.9833273e-04   1.6203638e-04 
mode:   38 freq=  212.2700 
 -3.5595270e-03   1.3581209e-03   3.5014235e-03 
  2.0428820e-03  -5.3237367e-03   8.0606483e-04 
  3.2044330e-03   8.5032491e-04   7.5514235e-04 
mode:   39 freq=  217.3900 
  3.2711871e-04   1.8225267e-04   8.9074989e-04 
  5.5421411e-05   2.8650991e-03  -2.8045288e-04 
  8.3615727e-04  -6.3059635e-04   2.0047122e-03 
mode:   40 freq=  222.3500 
 -3.0678138e-03   1.4313320e-03   3.2631042e-03 
  1.9329114e-03  -4.5858452e-03   7.8361232e-04 
  3.0250630e-03   7.4931230e-04   1.0190875e-03 
mode:   41 freq=  225.2500 
 -5.6233040e-04   4.0256639e-04   4.8353154e-04 
  6.3228334e-04  -1.1924020e-03   3.8249050e-04 
  4.6683814e-04   4.5939567e-04  -2.3232045e-04 
mode:   42 freq=  234.1100 
  1.0015242e-03   1.0719617e-04  -5.6297991e-04 
  1.2320927e-04   1.6885194e-03  -2.8498297e-04 
 -5.3228759e-04  -1.3299967e-04   2.9422777e-04 
mode:   43 freq=  251.0200 
 -1.3712014e-03   7.7476059e-05   1.0012306e-03 
  1.5057087e-04  -1.7898981e-03   1.9999313e-04 
  1.1564889e-03   1.5815321e-04   1.5833954e-04 
mode:   44 freq=  252.0100 
 -4.6319063e-04  -4.8249675e-04  -5.3307647e-05 
 -5.2420695e-04  -9.5990026e-04  -1.5683190e-04 
 -5.8237876e-05  -3.9879184e-05  -3.6765854e-04 
mode:   45 freq=  254.2700 
  1.7438850e-04   6.0649662e-04   5.0605837e-04 
  6.3059020e-04   1.2031578e-03  -2.1120051e-04 
  4.6378389e-04  -2.1595722e-04   1.0339996e-03 
mode:   46 freq=  255.8600 
 -3.4159482e-03   1.2909754e-03   3.0931927e-03 
  1.1647773e-03  -3.9121390e-03   7.2470783e-04 
  2.9990359e-03   5.1000347e-04   1.2043418e-03 
mode:   47 freq=  264.6600 
 -9.2373126e-04  -5.9465719e-04  -1.5709806e-04 
 -5.3448254e-04  -2.1506750e-03   3.9573108e-04 
 -2.8805337e-04   5.1492293e-04  -1.6449095e-03 
mode:   48 freq=  272.3500 
 -1.6303494e-03   2.1686705e-03   3.0489241e-03 
  1.8353711e-03   8.1081116e-04  -3.2917175e-04 
  2.9545474e-03  -5.6303883e-04   3.6085747e-03 
mode:   49 freq=  277.3200 
 -3.4523667e-03   1.3978703e-03   3.1748165e-03 
  1.2499983e-03  -3.9060753e-03   7.1691573e-04 
  3.0680752e-03   5.1768882e-04   1.2826674e-03 
mode:   50 freq=  284.8900 
 -2.2320096e-03   4.1198978e-04   1.0638931e-03 
  5.0864920e-04  -4.1888931e-03   1.1457071e-03 
  9.3777133e-04   1.3352625e-03  -1.9995682e-03 
mode:   51 freq=  287.2200 
  2.9357165e-04   4.6407350e-04   2.3587263e-04 
  5.2635239e-04   1.6493715e-03  -9.5747368e-05 
  3.5711425e-04  -4.8514497e-05   5.4407637e-04 
mode:   52 freq=  289.0100 
 -3.0432732e-03   1.0695986e-03   3.0356964e-03 
  8.4647026e-04  -3.2644929e-03  -6.1372555e-05 
  2.8795867e-03  -2.0686259e-04   2.3551135e-03 
mode:   53 freq=  294.8000 
 -6.2246979e-04  -7.7009195e-04  -4.0046999e-04 
 -7.1763851e-04  -1.4367548e-03   1.2799976e-04 
 -4.3241213e-04   3.3301993e-04  -1.4769905e-03 
mode:   54 freq=  301.1700 
  3.0643170e-04   7.3457342e-04   6.8327622e-04 
  7.3785991e-04   1.9762581e-03  -2.1371136e-04 
  7.5734308e-04  -4.2986404e-04   1.6078940e-03 
mode:   55 freq=  310.0500 
 -4.6745686e-03   2.1139355e-03   4.1817628e-03 
  1.9620416e-03  -5.8651261e-03   1.3105294e-03 
  3.9963211e-03   1.1025133e-03   8.8170923e-04 
mode:   56 freq=  311.1300 
 -2.0380175e-04  -1.0263761e-03  -8.0937742e-04 
 -9.3907895e-04  -1.1868795e-03   4.8418332e-05 
 -9.0705008e-04   2.3680644e-04  -1.5865323e-03 
mode:   57 freq=  316.9700 
 -7.3664331e-04   8.7131795e-04   9.0719667e-04 
  7.5871536e-04  -5.5755211e-04   2.0261956e-04 
  7.6112410e-04   1.9828090e-04   2.9807320e-04 
mode:   58 freq=  328.0900 
  2.1304764e-05  -1.1409484e-03  -5.5672853e-04 
 -1.0125079e-03  -4.0332315e-04  -2.6961664e-04 
 -3.4330678e-04  -2.4076345e-04  -2.8438575e-04 
mode:   59 freq=  331.7300 
 -6.7984861e-04  -2.1163009e-04   2.5944970e-04 
 -1.9379449e-04  -9.9867285e-04   9.7150540e-05 
  1.5117723e-04   1.0456252e-04  -4.1339384e-04 
mode:   60 freq=  335.2100 
  6.0815027e-05   2.9380055e-04   6.5913448e-05 
  1.3036771e-04   6.1957874e-04  -1.8849404e-04 
  4.0254962e-05  -1.7371907e-04   1.6286400e-04 
mode:   61 freq=  343.7400 
  2.6646957e-03  -3.3340556e-03  -3.4906535e-03 
 -3.0896756e-03   2.5794303e-03  -1.1834172e-03 
 -3.0284541e-03  -1.0204929e-03  -1.3548206e-03 
mode:   62 freq=  352.7300 
 -6.7352268e-04  -5.4089354e-04   1.7428717e-04 
 -2.8173433e-04  -1.4357652e-03   3.1676455e-04 
  6.0901306e-05   3.1025294e-04  -7.0380301e-04 
mode:   63 freq=  364.9200 
  7.2437880e-04  -3.2321522e-04  -9.8207489e-04 
 -4.8952635e-04   5.1104819e-04  -2.3587772e-04 
 -1.0256123e-03  -1.1347157e-04  -6.2339011e-04 
mode:   64 freq=  368.9200 
 -2.2691979e-03  -1.1926627e-04   1.6611222e-03 
  1.2715283e-05  -3.6534787e-03   5.4515327e-04 
  1.7229731e-03   3.7541585e-04   2.4077759e-04 
mode:   65 freq=  376.2300 
 -4.3575542e-04  -8.3480001e-04  -4.0961317e-04 
 -8.7132145e-04  -1.5553505e-03   7.0419625e-05 
 -4.5997172e-04   7.7793692e-05  -9.5645984e-04 
mode:   66 freq=  385.2900 
 -3.6668763e-03   2.9363492e-03   3.9846805e-03 
  2.7300854e-03  -4.1679780e-03   1.1748933e-03 
  3.5811285e-03   1.0285022e-03   1.4189345e-03 
mode:   67 freq=  407.6700 
 -1.4575915e-04  -9.1739308e-04  -3.1159264e-04 
 -8.0643711e-04  -4.9047704e-04  -2.0298140e-04 
 -1.1404864e-04  -2.0125128e-04  -1.5043180e-04 
mode:   68 freq=  416.4300 
 -2.2863349e-04  -6.7451121e-04  -5.9127994e-04 
 -5.6290092e-04  -1.3445988e-03   4.1159552e-04 
 -6.6568834e-04   4.0014668e-04  -1.3440733e-03 
mode:   69 freq=  417.4700 
  2.4576021e-03  -8.5727227e-04  -2.1365148e-03 
 -7.2253725e-04   2.9905809e-03  -5.2506104e-04 
 -1.9889973e-03  -4.1038887e-04  -6.9567157e-04 
mode:   70 freq=  424.3900 
 -3.8911793e-04  -2.3027840e-04   1.2264275e-04 
 -1.4633617e-04  -8.1283218e-04   6.3112766e-05 
  2.2057855e-04   7.1427631e-05  -7.8667622e-05 
mode:   71 freq=  432.7700 
 -9.0454581e-05  -1.1590453e-03  -4.8298642e-04 
 -1.0345412e-03  -3.7359617e-04  -2.6512876e-04 
 -4.3085619e-04  -1.8930403e-04  -4.5406430e-04 
mode:   72 freq=  435.1000 
  8.4183147e-03  -4.0361935e-03  -7.9912219e-03 
 -3.8357880e-03   9.4658842e-03  -2.1754364e-03 
 -7.3936864e-03  -1.7135612e-03  -2.3775066e-03 
mode:   73 freq=  446.2600 
 -7.9981931e-04  -1.1496505e-04   2.0816908e-04 
 -2.4358037e-04  -1.4025600e-03   3.9527215e-04 
  2.5572339e-04   2.5222802e-04  -5.4886206e-04 
mode:   74 freq=  455.8100 
 -1.2766878e-03  -4.4638315e-04   8.3624465e-04 
 -2.4610039e-04  -1.6072330e-03  -2.2330559e-05 
  8.0322831e-04   4.1966355e-05   1.4809016e-04 
mode:   75 freq=  457.0500 
 -4.1765541e-04   7.5585922e-04   4.7984857e-04 
  7.8039767e-04  -7.6000619e-04   3.2849224e-04 
  3.8395570e-04   3.7664931e-04  -2.7557938e-04 
mode:   76 freq=  470.1300 
 -1.9294900e-03   1.7711288e-04   1.4663756e-03 
  2.0411577e-04  -2.0941582e-03   4.6475172e-04 
  1.6477371e-03   3.5210173e-04   4.6052338e-04 
mode:   77 freq=  474.1600 
 -3.6451923e-03   6.6170655e-04   2.7686813e-03 
  6.5173425e-04  -4.5869910e-03   7.6658299e-04 
  2.6375371e-03   7.1164737e-04   2.8211168e-04 
mode:   78 freq=  474.7400 
  1.1557225e-03  -2.0668361e-04  -1.0047704e-03 
 -1.8570774e-04   1.4178829e-03  -7.7782736e-05 
 -8.9784404e-04  -6.9083762e-05  -5.2316178e-04 
mode:   79 freq=  488.9700 
  7.7513097e-04  -9.8008144e-04  -1.2957419e-03 
 -1.0226785e-03   2.6892669e-04  -7.8575318e-05 
 -9.6271953e-04  -7.6303683e-05  -7.7909214e-04 
mode:   80 freq=  490.2900 
  4.7069464e-03  -3.7536028e-03  -5.0572973e-03 
 -3.4322044e-03   5.0679093e-03  -1.7067215e-03 
 -4.6558443e-03  -1.3240725e-03  -1.5598956e-03 
mode:   81 freq=  509.8800 
 -1.8842930e-04   8.0429692e-04   8.7655509e-04 
  8.3574718e-04   4.2751945e-04   9.5020932e-05 
  8.4891369e-04   4.8044471e-05   9.8856838e-04 
mode:   82 freq=  514.0600 
  2.8555531e-04  -3.8018785e-05  -3.3463399e-04 
 -4.6887609e-05   8.3881525e-05   1.1763233e-04 
 -3.1941630e-04   8.8536586e-05  -3.9792037e-04 
mode:   83 freq=  522.9800 
 -3.7326054e-04  -3.0222881e-04   8.1394741e-06 
 -2.5329964e-04  -6.9845208e-04   1.0115957e-04 
 -5.2032465e-05   1.7906508e-04  -4.7196166e-04 
mode:   84 freq=  527.7500 
  2.8559045e-04   1.5970281e-03   1.3671296e-03 
  1.6311483e-03   1.8671195e-03   4.6282592e-05 
  1.3754389e-03  -1.4988014e-06   2.3023829e-03 
mode:   85 freq=  528.9000 
 -3.8233363e-05  -6.1264331e-04  -7.1417059e-04 
 -6.2553627e-04  -9.3939964e-04   1.3992831e-04 
 -7.2842180e-04   1.1021175e-04  -1.3599877e-03 
mode:   86 freq=  530.0400 
 -4.9254297e-04  -6.0307000e-04   2.1537394e-05 
 -5.0155987e-04  -1.0954776e-03   3.1040238e-04 
  3.4611511e-05   5.0785058e-04  -6.7264192e-04 
mode:   87 freq=  559.3900 
  6.4146371e-05   1.2202808e-03   1.0624903e-03 
  1.2064562e-03   1.0804895e-03  -1.8508103e-05 
  1.0746377e-03  -1.1904799e-05   1.6685760e-03 
mode:   88 freq=  564.0300 
  7.9925430e-04   4.2004044e-04  -3.2594528e-04 
  4.4665189e-04   1.3168885e-03  -1.4635901e-05 
 -4.0392509e-04  -1.4819737e-04   2.1456191e-05 
mode:   89 freq=  565.7700 
 -2.3392099e-04   2.1368025e-04   3.7931281e-04 
  1.6799765e-04  -2.1333904e-04  -1.4923575e-05 
  4.3480575e-04   2.0358727e-04   5.1915829e-04 
mode:   90 freq=  570.4000 
 -3.3265736e-04   1.0204243e-04   3.1869699e-04 
  1.1670052e-04  -4.4135685e-04   8.1751315e-05 
  3.2441744e-04   6.1700426e-05   1.2373031e-04 
mode:   91 freq=  573.3500 
  1.9592246e-04  -2.1507255e-04  -3.5914875e-04 
 -2.0323564e-04   5.6215257e-05   1.2113433e-04 
 -3.1077498e-04   1.2062399e-04  -5.0931829e-04 
mode:   92 freq=  581.8800 
 -5.8881793e-05  -1.9235003e-06   1.9197478e-04 
  2.1314845e-05   3.6813685e-04  -1.0909596e-04 
  1.1778496e-04  -1.1445175e-04   3.7232928e-04 
mode:   93 freq=  594.0400 
  1.5228428e-04  -5.3116627e-04  -5.4467317e-04 
 -5.1208034e-04   3.0447547e-04  -4.7253727e-04 
 -5.7273241e-04  -4.4378074e-04  -6.2981509e-05 
mode:   94 freq=  609.4500 
 -1.1843705e-04  -4.9190435e-04  -2.1536126e-04 
 -4.5698951e-04  -2.9767157e-04   1.7506734e-04 
 -1.7307579e-04   1.8332515e-04  -6.4256478e-04 
mode:   95 freq=  628.8400 
 -8.6949821e-04  -3.2382336e-04   7.8398764e-04 
 -3.2049906e-04  -5.7689204e-04   9.6299768e-05 
  7.5033470e-04   1.5566471e-04   1.2901227e-04 
mode:   96 freq=  630.6700 
 -3.2707614e-04  -6.2128018e-04  -4.7897468e-04 
 -6.6609122e-04  -8.9081425e-04  -2.6083034e-04 
 -5.4195233e-04  -2.5709885e-04  -5.1087548e-04 
mode:   97 freq=  639.8400 
 -3.6384732e-05  -5.5083878e-04  -7.2601854e-05 
 -5.2676081e-04   2.0814094e-04   1.6220960e-04 
 -5.3582541e-05   1.8058913e-04  -4.7639216e-04 
mode:   98 freq=  640.3400 
 -4.8577414e-04  -1.9107358e-04   6.6371078e-04 
 -1.6331898e-04   1.7793657e-04  -5.2688133e-05 
  6.9395973e-04   2.7867887e-06   4.0979847e-04 
mode:   99 freq=  643.5900 
 -9.7109481e-05  -9.6218174e-04  -1.1510366e-03 
 -1.0266903e-03  -1.1265732e-03  -1.2926999e-04 
 -1.1682946e-03  -6.8213350e-05  -1.4674956e-03 
mode:  100 freq=  651.0400 
  3.3368563e-04  -8.8444068e-04  -3.8517616e-04 
 -8.4843653e-04   9.3101806e-04   3.8272960e-05 
 -2.9173967e-04   8.7985214e-05  -5.1775912e-04 
mode:  101 freq=  653.6100 
 -8.7691662e-05  -2.8158312e-04   5.7568147e-04 
 -2.8873083e-04   1.0492684e-03  -2.0020416e-04 
  7.0395315e-04  -1.6823297e-04   7.7305166e-04 
mode:  102 freq=  655.3600 
 -8.5651746e-04  -3.7544909e-04   5.6563716e-05 
 -4.1275101e-04  -1.7390414e-03  -7.4068383e-05 
  3.1129937e-05  -3.2067906e-05  -4.7078261e-04 
mode:  103 freq=  677.6500 
 -5.1776843e-05  -6.0440332e-04  -2.1985213e-04 
 -5.8687948e-04   4.3726267e-05   1.1628198e-04 
 -1.9488936e-04   1.5962552e-04  -7.1127582e-04 
mode:  104 freq=  727.9900 
 -7.5124184e-05   2.7174141e-04   6.0239503e-04 
  2.9877476e-04   7.4504529e-04  -6.1426781e-06 
  5.1198054e-04   3.3854915e-07   5.8152367e-04 
mode:  105 freq=  728.7400 
 -1.3405658e-03  -6.0909760e-04   1.8654231e-04 
 -5.8626483e-04  -2.5715342e-03   1.5901942e-04 
  7.6412673e-05   2.0970913e-04  -8.7628928e-04 
mode:  106 freq=  749.3800 
 -3.3274989e-05  -5.3861170e-04  -2.6736429e-05 
 -5.2982576e-04   3.8360474e-04  -8.3577574e-05 
 -2.3629174e-05  -1.2172008e-04  -1.5935156e-04 
mode:  107 freq=  753.8900 
  3.0732222e-04   1.9085610e-04   2.5721747e-04 
  1.8400300e-04   1.1664702e-03  -1.0129300e-04 
  1.6743332e-04   9.2856467e-06   3.9849582e-04 
mode:  108 freq=  756.5300 
 -6.2348240e-04  -3.6295945e-04   3.8451776e-05 
 -3.1145588e-04  -1.4700793e-03   4.7997807e-05 
  7.2156762e-05   1.0871140e-04  -4.8171492e-04 
mode:  109 freq=  765.9300 
  4.9571331e-05  -3.9394559e-04  -3.7722749e-04 
 -3.9448177e-04  -1.4090680e-04   1.6587817e-04 
 -2.8269740e-04   2.2539763e-04  -7.5446603e-04 
mode:  110 freq=  770.6200 
  2.4019360e-04   2.5125078e-04   1.4035528e-04 
  2.2862834e-04   9.1085777e-04  -7.1257626e-05 
  8.3801073e-05  -6.0627499e-05   3.9648199e-04 
mode:  111 freq=  774.1900 
 -1.0654206e-03  -8.2074546e-04  -1.0144606e-04 
 -6.3255046e-04  -2.6748318e-03   3.0248969e-04 
  6.3098378e-05   4.0614760e-04  -1.3366092e-03 
mode:  112 freq=  781.4000 
 -1.0503881e-04  -2.1255350e-04  -1.5084200e-04 
 -2.5072064e-04  -1.7108465e-04   1.7479298e-04 
 -1.1018821e-04   1.7601124e-04  -5.5931826e-04 
mode:  113 freq=  785.8800 
  1.1436556e-03   2.4900964e-04  -4.2457290e-04 
  1.1555265e-04   2.2818813e-03  -2.0113932e-04 
 -4.1816855e-04  -1.7657980e-04   5.7808914e-04 
mode:  114 freq=  788.3200 
  4.1884073e-04  -3.6288585e-04  -6.6036403e-04 
 -3.3444061e-04   4.4598825e-04  -1.3949803e-04 
 -6.5334532e-04  -1.1417333e-04  -4.5969063e-04 
mode:  115 freq=  792.1700 
 -2.0589645e-04  -4.4312096e-04  -1.4523745e-04 
 -3.7589226e-04  -4.3431649e-04   1.1607598e-04 
 -1.1834943e-04   1.2984007e-04  -5.5454950e-04 
mode:  116 freq=  798.5000 
 -1.4231852e-03  -3.4465635e-04   1.1914457e-03 
 -3.5270355e-04  -1.0625284e-03   6.8477675e-05 
  1.1491364e-03   1.0633425e-04   3.0304642e-04 
mode:  117 freq=  806.9700 
  1.4761960e-03  -4.9801867e-04  -1.5318715e-03 
 -4.2449177e-04   1.7781464e-03  -5.0503464e-04 
 -1.5787933e-03  -6.7287079e-04  -4.7207889e-04 
mode:  118 freq=  807.9100 
 -8.6202590e-04  -6.1152166e-04   3.5680904e-04 
 -5.5061675e-04  -8.2715656e-04   1.4932426e-04 
  4.1436820e-04   9.4059267e-05  -3.4248849e-04 
mode:  119 freq=  818.8100 
 -1.7186667e-03  -4.5952582e-04   1.4061165e-03 
 -4.6296070e-04  -1.1882592e-03   5.6096072e-05 
  1.3781922e-03   3.6967553e-05   4.2238624e-04 
mode:  120 freq=  822.3900 
  6.4179812e-04   1.2801159e-04  -3.4799355e-04 
  1.0480884e-04   1.1975790e-03  -8.7667675e-05 
 -3.2782240e-04   9.5378125e-05  -6.0576476e-05 
mode:  121 freq=  838.1300 
  7.0544642e-04   7.3701897e-05  -4.4004767e-04 
  7.3845143e-05   8.8290843e-04   9.6002496e-05 
 -4.1362640e-04   1.3036987e-04  -3.3659286e-04 
mode:  122 freq=  848.1000 
 -1.9082918e-03  -2.2018553e-04   1.7601521e-03 
 -2.2796166e-04  -1.3106767e-03   1.4406079e-04 
  1.7335559e-03   3.3918020e-04   5.6132933e-04 
mode:  123 freq=  852.9700 
 -1.8199270e-04  -2.8197239e-04  -9.9389111e-05 
 -2.7383839e-04  -1.1264627e-04   2.0866561e-04 
 -2.1109421e-05   3.1206144e-04  -5.3710710e-04 
mode:  124 freq=  872.4800 
 -2.4071844e-04  -6.0335493e-04  -1.5350840e-04 
 -6.0867679e-04  -7.1222375e-04   6.1648804e-05 
 -2.1324156e-04   8.0567075e-05  -4.8644986e-04 
mode:  125 freq=  878.0800 
  3.6009395e-05   2.3255421e-04   4.9212475e-04 
  2.2830648e-04   1.3620707e-03  -3.6789740e-04 
  4.5720482e-04  -4.1368229e-04   8.7517208e-04 
mode:  126 freq=  908.8200 
 -2.9780629e-04  -9.5507851e-04  -7.1252161e-04 
 -8.6890136e-04  -1.3012969e-03   7.9580777e-04 
 -5.8351318e-04   7.6626575e-04  -2.0321264e-03 
mode:  127 freq=  912.1600 
 -9.6487500e-05  -5.6832951e-05   1.0333102e-05 
 -4.6198708e-05  -3.2972735e-05   4.5999047e-06 
 -2.0780995e-07   1.6585471e-05  -9.3471676e-05 
mode:  128 freq=  916.8100 
  5.7912932e-04   4.8296767e-04   1.2684211e-04 
  4.9638117e-04   2.1969681e-03  -4.2024613e-04 
  1.0402953e-04  -4.7486654e-04   8.1931115e-04 
mode:  129 freq=  920.6200 
 -6.2210817e-04  -1.7979027e-03  -1.3630563e-03 
 -1.6615980e-03  -2.9842174e-03   1.4244869e-03 
 -1.1834855e-03   1.3583570e-03  -3.7842203e-03 
mode:  130 freq=  926.6800 
  3.4883496e-04   8.4719843e-05  -2.4066074e-04 
  1.0997897e-04   1.0102108e-03  -2.3745464e-04 
 -2.7805256e-04  -2.9798349e-04   1.6759321e-04 
mode:  131 freq=  929.4300 
  4.1197171e-05  -3.6228138e-04  -3.3732335e-04 
 -3.0667801e-04   1.0675999e-04   2.8363725e-04 
 -3.0275487e-04   2.2610368e-04  -9.2669768e-04 
mode:  132 freq=  931.3800 
  2.3270664e-04  -4.8065111e-04  -7.9629200e-04 
 -4.4772043e-04  -3.2191257e-04   5.4618298e-04 
 -6.3943004e-04   6.2536635e-04  -1.5547535e-03 
mode:  133 freq=  936.1100 
 -1.1517080e-04  -2.7551350e-04  -2.9991424e-05 
 -2.8886125e-04  -5.4365654e-05  -3.5857810e-05 
 -9.1634300e-05  -4.1090633e-05  -1.3646769e-04 
mode:  134 freq=  937.5900 
  1.2100377e-04   5.3196630e-04   2.8329705e-04 
  6.5466065e-04   1.3009672e-03  -8.9213672e-05 
  3.5165578e-04  -2.0772695e-04   4.4610786e-04 
mode:  135 freq=  950.4400 
 -2.9718346e-05  -1.4132276e-03  -1.3753453e-03 
 -1.2985420e-03  -1.4864572e-03   9.9345727e-04 
 -1.1897743e-03   9.5377796e-04  -2.9320782e-03 
mode:  136 freq=  952.2800 
  5.3511635e-04   2.6638067e-04  -3.1107737e-04 
  2.8748799e-04   1.0864376e-03  -2.2002687e-04 
 -3.0870068e-04  -2.4547424e-04   1.0732410e-04 
mode:  137 freq=  953.4400 
  3.5329610e-04   1.5695722e-03   1.2924633e-03 
  1.5291792e-03   3.0805068e-03  -9.3309490e-04 
  1.1633072e-03  -9.7980323e-04   2.7280776e-03 
mode:  138 freq=  954.5400 
 -6.4231441e-04   3.1376423e-04   9.0785249e-04 
  3.0596582e-04   1.9880834e-04   3.9783614e-05 
  9.0790042e-04   1.3101342e-04   6.2904838e-04 
mode:  139 freq=  956.4800 
 -6.1423296e-04  -1.1188136e-03  -2.5622281e-04 
 -1.0893871e-03  -1.7294018e-03   4.0944388e-04 
 -2.4703951e-04   4.4825780e-04  -1.2371860e-03 
mode:  140 freq=  956.7200 
  2.2466061e-04   8.7500732e-04   8.6018090e-04 
  8.2546602e-04   2.5013575e-03  -7.3609092e-04 
  8.1360264e-04  -7.0825644e-04   1.9210594e-03 
mode:  141 freq=  962.8500 
 -8.6388393e-04  -2.8439725e-04   4.1491456e-04 
 -2.4635983e-04  -7.8737501e-04   4.5655371e-04 
  4.5208372e-04   4.9265306e-04  -6.2080304e-04 
mode:  142 freq=  976.5400 
 -2.5847152e-03  -1.9814442e-03  -4.6948749e-05 
 -1.8870275e-03  -5.6773324e-03   1.8890721e-03 
  3.8202603e-05   1.8559994e-03  -3.9810354e-03 
mode:  143 freq=  983.5700 
 -4.5147921e-04   1.7264919e-03   2.1169188e-03 
  1.6207465e-03   2.4372629e-03  -8.2013063e-04 
  2.0577146e-03  -7.4176418e-04   3.1772719e-03 
mode:  144 freq=  985.8900 
 -1.0847491e-03  -1.6654341e-04   7.0095708e-04 
 -9.2453049e-05  -6.2701419e-04   4.3620516e-04 
  7.7706274e-04   4.8154912e-04  -4.1051755e-04 
mode:  145 freq=  994.5000 
  3.7276712e-04  -6.4883404e-04  -3.3131923e-04 
 -6.6930228e-04   2.3863766e-04  -3.6917410e-04 
 -3.8632379e-04  -2.8165343e-04   2.0605390e-04 
mode:  146 freq= 1002.6500 
 -1.4945019e-03   2.3710253e-04   1.0984191e-03 
  2.2209999e-04  -1.1757633e-03   6.5161186e-04 
  1.1063148e-03   6.3751466e-04  -4.7033116e-04 
mode:  147 freq= 1008.7000 
  1.2089447e-03   1.5817022e-03   1.0658215e-03 
  1.4985059e-03   4.5330300e-03  -1.5028210e-03 
  1.0081447e-03  -1.3231054e-03   3.7766016e-03 
mode:  148 freq= 1016.4400 
 -6.7959048e-04  -9.3749219e-04   8.2213812e-05 
 -9.4453140e-04  -1.7686610e-03   2.0173655e-04 
  2.6809367e-05   2.8277102e-04  -6.1615493e-04 
mode:  149 freq= 1024.1700 
  3.4822708e-04   1.2875862e-03   1.3169684e-03 
  1.1958374e-03   3.0898673e-03  -1.1425577e-03 
  1.2379646e-03  -1.0860956e-03   3.0632095e-03 
mode:  150 freq= 1025.7000 
 -4.7838411e-04   2.3674635e-04   6.8875440e-04 
  2.0689449e-04   3.8531653e-04  -1.1128568e-04 
  6.7811278e-04  -2.4267148e-05   6.4570068e-04 
mode:  151 freq= 1026.7000 
 -2.9936681e-04  -9.5102314e-04  -2.2126029e-04 
 -9.5468545e-04  -9.0391961e-04  -2.5296352e-04 
 -3.3698931e-04  -1.7931551e-04  -2.7980257e-04 
mode:  152 freq= 1029.4100 
  4.9303229e-04  -7.5557898e-04  -8.6473880e-04 
 -6.8790426e-04   4.7435967e-04  -7.6243686e-06 
 -8.1531759e-04  -9.6768760e-05  -8.8331398e-04 
mode:  153 freq= 1032.7100 
 -1.6484684e-04   8.9241697e-05   3.1187242e-04 
  6.3040459e-05   5.7762408e-04  -9.4694315e-05 
  3.0110904e-04  -7.2460894e-05   3.2911198e-04 
mode:  154 freq= 1039.0700 
  9.2747455e-04   4.6278026e-04  -1.0767244e-04 
  4.1576269e-04   2.3045779e-03  -9.4498242e-04 
 -2.1419578e-04  -8.3592246e-04   1.4218999e-03 
mode:  155 freq= 1039.8600 
  2.9665547e-04  -1.5691359e-03  -1.3596251e-03 
 -1.4741562e-03  -7.7710115e-04   3.2948562e-04 
 -1.3124635e-03   1.4387769e-04  -2.0386379e-03 
mode:  156 freq= 1040.3300 
 -7.4999209e-04   9.4294793e-04   1.4521183e-03 
  8.0107057e-04   7.8379479e-04  -4.4606278e-04 
  1.3341992e-03  -2.7087250e-04   1.7694395e-03 
mode:  157 freq= 1044.6200 
 -1.0485536e-03  -2.4062327e-03  -5.6348323e-04 
 -2.3788898e-03  -2.9490683e-03  -1.4505089e-05 
 -7.4334495e-04   2.4011415e-05  -1.4523251e-03 
mode:  158 freq= 1046.6000 
 -2.5603272e-04  -2.0031619e-03  -1.0508394e-03 
 -1.9234279e-03  -1.3791642e-03   1.6956341e-04 
 -1.0762903e-03   6.0811825e-05  -1.7981109e-03 
mode:  159 freq= 1051.1700 
 -7.4839202e-04  -1.5963362e-04   6.6233890e-04 
 -2.3412782e-04  -3.0304697e-04   2.0062320e-04 
  6.7008807e-04   3.3195688e-04   1.4640873e-04 
mode:  160 freq= 1054.8000 
 -5.3747306e-04  -1.5697378e-03  -4.6201147e-04 
 -1.5390450e-03  -1.6633140e-03  -3.0261320e-04 
 -6.1091269e-04  -2.2456078e-04  -6.9109048e-04 
mode:  161 freq= 1058.3200 
  1.1928901e-03   8.4646905e-04  -3.3827794e-04 
  8.7049840e-04   2.5803528e-03  -1.1434894e-04 
 -2.3442996e-04  -2.3504350e-04   3.3631710e-04 
mode:  162 freq= 1059.0400 
  4.2322964e-04  -3.4445540e-04  -5.8032985e-04 
 -3.3947872e-04   4.6062099e-04  -2.6384486e-05 
 -5.5512202e-04   4.2840247e-06  -4.8093493e-04 
mode:  163 freq= 1065.0200 
 -6.7898730e-05  -2.0494643e-04  -4.7270470e-05 
 -1.8483485e-04  -3.1556023e-05  -1.5036947e-04 
 -8.8598214e-05  -1.5161193e-04  -3.6035815e-05 
mode:  164 freq= 1079.0700 
 -1.0720978e-04  -4.2698618e-04  -2.6273006e-05 
 -4.2521800e-04   1.9041260e-04  -1.2573222e-04 
 -6.1850324e-05  -1.3421621e-04  -8.5785679e-05 
mode:  165 freq= 1081.1600 
  5.9140828e-04  -4.5352293e-04  -8.3371717e-04 
 -3.7184869e-04   5.4253996e-04  -1.4036038e-04 
 -7.4508556e-04  -1.1333228e-04  -5.1748169e-04 
mode:  166 freq= 1089.5600 
 -2.8267166e-04  -3.3829407e-04   1.4744644e-04 
 -3.6507689e-04  -1.9715862e-05  -3.6912629e-04 
  6.0935968e-05  -4.8361508e-04   4.3066022e-04 
mode:  167 freq= 1090.2800 
 -8.4432519e-05  -3.0944632e-04   9.4938079e-06 
 -3.2365883e-04   1.6269573e-04   2.3766929e-05 
 -3.9303306e-05   6.4531353e-05  -2.6647208e-04 
mode:  168 freq= 1096.0700 
  9.3763794e-04  -5.9928737e-04  -8.9313498e-04 
 -4.7558020e-04   1.3797027e-03  -4.8584101e-04 
 -8.9202088e-04  -4.7462308e-04  -4.8754502e-05 
mode:  169 freq= 1117.2400 
 -2.5819962e-04  -1.2360351e-04  -3.1528538e-06 
 -1.5800089e-04  -4.3947897e-04   1.5690852e-05 
  1.2996254e-05   1.6745833e-05  -1.9054543e-04 
mode:  170 freq= 1119.5500 
  5.9984559e-04  -8.2553719e-04  -6.1036517e-04 
 -6.8123853e-04   1.3095645e-03  -7.7220008e-04 
 -5.8144152e-04  -8.0564452e-04   5.0361898e-04 
mode:  171 freq= 1125.7900 
  3.5949759e-04  -1.1929178e-04  -3.4989301e-04 
 -9.3618137e-05   5.2978266e-04   3.8987576e-05 
 -3.4914049e-04   8.3818228e-05  -3.2864387e-04 
mode:  172 freq= 1128.7000 
 -1.1403939e-04   6.4845800e-05   1.1877569e-04 
  4.5329225e-05  -1.8862710e-04   2.1872236e-04 
  9.5043917e-05   2.3216647e-04  -2.6057159e-04 
mode:  173 freq= 1132.0400 
  1.0150458e-04  -2.4780624e-04  -1.5872533e-04 
 -2.8525708e-04   2.4482431e-04   1.9843034e-04 
 -1.6227029e-04   1.9695242e-04  -4.4848565e-04 
mode:  174 freq= 1147.3200 
  3.0627619e-04   1.2689277e-04  -1.0703323e-04 
  1.6060454e-04   7.5548481e-04   1.7395234e-04 
 -9.9671717e-05   1.8426850e-04  -1.1155585e-04 
mode:  175 freq= 1153.0900 
  8.1068591e-05   1.3862348e-04   1.6018080e-04 
  1.4111210e-04   4.1679776e-04   3.3155885e-04 
  1.6664790e-04   3.7629232e-04  -1.1460448e-04 
mode:  176 freq= 1153.5600 
  2.0810760e-04  -1.4302187e-04  -3.1224446e-04 
 -1.5576008e-04   1.4751932e-04   4.9857907e-04 
 -2.8393256e-04   4.9548989e-04  -8.6816471e-04 
mode:  177 freq= 1159.2400 
 -9.1558850e-05   4.1852737e-04   2.7638848e-04 
  5.0908096e-04   5.2151839e-05   2.1421911e-04 
  1.0303962e-04   1.8257423e-04   7.3431153e-06 
mode:  178 freq= 1175.8500 
  8.5837053e-04  -2.6756518e-04  -4.7812559e-04 
 -3.1524577e-04   1.5548910e-03   1.9830861e-04 
 -3.8705721e-04   3.0282160e-04  -3.5540124e-04 
mode:  179 freq= 1183.3100 
  5.0245729e-05  -1.7503260e-04  -1.0930388e-04 
 -1.4840562e-04   1.2625147e-04   5.2373782e-04 
 -1.8153010e-04   5.5903708e-04  -8.7796644e-04 
mode:  180 freq= 1186.7900 
  4.8778974e-04   2.2671408e-04  -2.0586757e-04 
  1.7010384e-04   7.9547578e-04   3.1776963e-04 
 -1.5814910e-04   3.2121104e-04  -2.7206845e-04 
mode:  181 freq= 1190.2500 
 -5.8562369e-05   5.6391300e-04   4.1613700e-04 
  5.3944320e-04   9.6335161e-05   6.4593357e-04 
  4.2718386e-04   6.4236688e-04  -1.4950328e-04 
mode:  182 freq= 1203.4400 
  5.1800182e-04   1.8558600e-04  -4.3131331e-04 
  2.4970848e-04   2.4125933e-04   9.4028817e-04 
 -3.7599949e-04   9.2842229e-04  -1.2276731e-03 
mode:  183 freq= 1206.7300 
  7.5064996e-04   4.0136253e-04  -3.1372809e-04 
  3.3739997e-04   9.3453087e-04   5.1023986e-04 
 -2.8914183e-04   4.8868198e-04  -5.1051973e-04 
mode:  184 freq= 1210.6300 
 -1.1884533e-04   7.1391430e-04   6.1738874e-04 
  7.0701960e-04  -1.2315185e-05   8.0466623e-04 
  5.6651230e-04   8.2398483e-04  -2.4521671e-04 
mode:  185 freq= 1213.3700 
  5.7764946e-04   5.5544306e-04  -3.5410597e-04 
  6.2392912e-04   7.6649141e-05   1.4635738e-03 
 -3.1053556e-04   1.4749036e-03  -1.7619233e-03 
mode:  186 freq= 1215.7200 
  6.8486565e-05   5.5167954e-04   3.9507259e-04 
  5.1925464e-04   5.0591341e-04   2.1054957e-04 
  3.8924119e-04   1.1805880e-04   4.4035258e-04 
mode:  187 freq= 1224.2200 
 -1.2057252e-04   5.2060543e-04   2.6982955e-04 
  5.1785093e-04  -4.1647419e-04   5.7651002e-04 
  2.8619500e-04   5.8282720e-04  -3.7453066e-04 
mode:  188 freq= 1232.8600 
  4.8138407e-04   2.7838418e-04  -2.8485693e-04 
  3.5521541e-04   2.1576319e-04   7.2653764e-04 
 -2.2459042e-04   6.8989335e-04  -7.9171906e-04 
mode:  189 freq= 1237.6500 
 -6.2945125e-04   1.4432314e-03   1.5520097e-03 
  1.4738222e-03  -1.0022847e-04   4.4190410e-04 
  1.3071395e-03   2.7786004e-04   1.1314167e-03 
mode:  190 freq= 1241.6400 
 -4.2426404e-04   8.5836286e-04   7.7321819e-04 
  9.0522291e-04  -6.7622760e-04   7.6234012e-04 
  7.2254444e-04   7.5329542e-04  -1.8865127e-04 
mode:  191 freq= 1253.5900 
  1.0680802e-03   3.2230989e-04  -6.3182237e-04 
  3.8812131e-04   6.2073606e-04   9.7431415e-04 
 -4.9043933e-04   9.0359259e-04  -1.1736080e-03 
mode:  192 freq= 1256.9400 
 -2.4967260e-05   5.0764263e-05   3.5317050e-05 
  1.4717364e-05  -3.5941849e-04  -1.2834136e-04 
  1.8833823e-05  -1.5252460e-04   1.6104103e-04 
mode:  193 freq= 1262.0400 
 -1.5833000e-04   1.6366646e-04   1.8421326e-04 
  7.3533708e-05  -2.0281246e-04  -4.7108386e-04 
  1.1618749e-04  -5.1077827e-04   7.5254877e-04 
mode:  194 freq= 1265.9700 
  1.5193295e-04   2.5847499e-04  -5.6295236e-05 
  2.3608875e-04  -2.8726052e-04   1.2048152e-04 
 -5.6408160e-05   8.2904036e-05  -1.0133227e-04 
mode:  195 freq= 1273.7400 
 -5.1002541e-04   4.6961316e-04   7.0401818e-04 
  3.9999479e-04  -6.9834207e-04  -1.9958113e-04 
  6.1364201e-04  -1.4072231e-04   8.0201457e-04 
mode:  196 freq= 1281.5000 
 -2.7597441e-04   5.3736165e-04   6.8884365e-04 
  3.3154606e-04   4.3532916e-05  -7.9514833e-04 
  5.7289714e-04  -8.3353031e-04   1.7690879e-03 
mode:  197 freq= 1284.9200 
 -1.0111832e-04   3.6513738e-04   6.5577863e-05 
  3.5865394e-04  -7.8761689e-04   2.6009534e-04 
  1.3090253e-05   3.3110647e-04  -3.0132992e-04 
mode:  198 freq= 1295.2300 
 -1.8565793e-04  -2.2893705e-04  -1.3778539e-04 
 -2.2546686e-04  -7.3202047e-04  -8.8369496e-05 
 -1.4320179e-04  -1.2079888e-04  -2.2478516e-04 
mode:  199 freq= 1296.5700 
 -7.3372990e-06  -3.4684870e-04  -5.6697650e-04 
 -3.2855648e-04  -5.6055800e-04  -4.3249989e-04 
 -5.6848076e-04  -4.5364110e-04  -1.3768973e-04 
mode:  200 freq= 1304.9000 
 -1.9213131e-04   6.1070233e-04   5.2287249e-04 
  5.4046162e-04  -4.5288420e-04   1.5982762e-04 
  4.9091913e-04   1.3379182e-04   3.9115646e-04 
mode:  201 freq= 1307.6100 
 -1.4751609e-04  -4.8626446e-04  -3.6139954e-04 
 -4.0664096e-04  -7.9937092e-04  -1.7330070e-04 
 -3.6921696e-04  -1.9015024e-04  -3.7154083e-04 
mode:  202 freq= 1324.4800 
  2.7055007e-04  -9.1250595e-04  -1.4701208e-03 
 -8.3916504e-04  -6.9769814e-04  -5.8224393e-04 
 -1.3710333e-03  -5.7638762e-04  -8.1670464e-04 
mode:  203 freq= 1327.3800 
  1.2034601e-04   7.4353162e-04   4.7741649e-04 
  6.2508514e-04   1.0092961e-04   1.6403469e-04 
  4.3357353e-04   2.4169391e-04   3.7801087e-04 
mode:  204 freq= 1344.7800 
 -4.0488741e-04  -1.3449448e-04   1.0100493e-04 
 -1.2564195e-04  -9.3110676e-04  -7.0829143e-05 
  9.5941925e-05  -1.0170879e-04  -1.0140482e-05 
mode:  205 freq= 1345.7500 
  1.4570923e-04  -2.6680575e-06  -2.1777527e-04 
 -4.2750945e-05   2.6678004e-04  -5.9028244e-04 
 -1.9160147e-04  -6.4837400e-04   6.0215038e-04 
mode:  206 freq= 1349.2400 
 -1.7501504e-04   2.6073218e-04   1.7645542e-04 
  2.1657124e-04  -7.3955552e-04   1.7868415e-04 
  1.7190637e-04   1.3610473e-04  -4.4590193e-05 
mode:  207 freq= 1351.1300 
 -3.9940810e-04  -3.5141513e-04  -1.6678233e-05 
 -3.4834389e-04  -5.8303835e-04  -2.4318322e-04 
  5.7831112e-05  -3.6215254e-04   4.2729501e-05 
mode:  208 freq= 1378.5900 
  4.6817728e-04  -8.8011771e-05  -7.0395844e-04 
 -1.2435048e-04   5.8548137e-04  -8.5523305e-04 
 -5.5581038e-04  -9.3263384e-04   7.3910238e-04 
mode:  209 freq= 1379.9700 
 -1.7645900e-04   5.4527507e-04   2.8276696e-04 
  4.1618230e-04  -1.0372310e-03   3.2896504e-04 
  2.4079515e-04   2.7497675e-04  -8.6544991e-05 
mode:  210 freq= 1380.9400 
 -7.8274759e-05  -1.0365909e-05   4.2933559e-05 
 -3.7226051e-05  -3.7109925e-04  -4.0349650e-05 
  3.5289760e-05  -5.2378958e-05   2.4085292e-05 
mode:  211 freq= 1383.0100 
 -1.0044192e-05   1.8990690e-04   1.8225539e-04 
  1.3323957e-04   2.0074286e-04  -2.2543849e-04 
  1.3629061e-04  -2.4050927e-04   4.5627422e-04 
mode:  212 freq= 1385.8100 
  3.3009872e-04  -5.8596233e-05  -5.1501932e-04 
 -9.1426367e-05  -3.0555274e-04   8.8396592e-06 
 -4.5944219e-04  -3.9399979e-05  -3.1557290e-04 
mode:  213 freq= 1386.8400 
 -1.8420477e-04  -4.7455662e-05   3.8761313e-05 
 -3.9241819e-05  -6.7137632e-04   6.7734956e-05 
  3.4062183e-05   3.6181785e-05  -1.2975966e-04 
mode:  214 freq= 1391.6800 
 -8.9949828e-05  -9.7531271e-05  -1.3647372e-04 
 -8.3041614e-05  -3.4205114e-04   7.9034918e-05 
 -1.2550871e-04   7.8417958e-05  -2.9489562e-04 
mode:  215 freq= 1392.3300 
 -8.9274344e-05   2.3334606e-04   6.9558789e-05 
  1.9428343e-04  -5.1507035e-04  -2.3629118e-05 
  8.1989631e-05  -5.6919627e-05   2.1509910e-04 
mode:  216 freq= 1394.1000 
 -3.4083766e-04   9.0694315e-05   3.0686734e-04 
  5.5381753e-05  -6.7887624e-04  -1.1712621e-05 
  2.9844668e-04  -6.6557514e-05   2.5713020e-04 
mode:  217 freq= 1403.5500 
  2.3680726e-04   2.9823806e-04   2.7444436e-04 
  2.5205235e-04   9.7349879e-04  -2.8989767e-04 
  2.5414358e-04  -2.9497145e-04   8.7757281e-04 
mode:  218 freq= 1403.8000 
  4.1006641e-04   1.6624808e-05  -4.5217866e-04 
  4.2349430e-06   2.5896560e-05   5.3140000e-05 
 -4.3347245e-04   6.0640229e-05  -3.6665922e-04 
mode:  219 freq= 1404.5900 
  5.8787262e-05   2.6422444e-04   2.1124431e-04 
  2.0253023e-04  -1.0455353e-04  -1.2218195e-04 
  1.6151752e-04  -1.5076572e-04   4.3465613e-04 
mode:  220 freq= 1407.9900 
  1.7030939e-04   4.8290366e-04   4.6156970e-04 
  4.9323135e-04   1.0821339e-03  -3.3748542e-04 
  3.9192822e-04  -3.8172159e-04   1.1147093e-03 
mode:  221 freq= 1411.4700 
  7.3957645e-06  -4.7828859e-05  -2.7496047e-04 
 -6.4156282e-05  -4.7935222e-04   1.7397702e-04 
 -2.0932034e-04   2.0599526e-04  -5.0185442e-04 
mode:  222 freq= 1412.8400 
 -3.2648265e-04   8.8379132e-05   2.9166967e-04 
  7.5437310e-05  -6.6727689e-04  -4.0568213e-05 
  2.7349621e-04  -1.1144788e-04   2.4972116e-04 
mode:  223 freq= 1416.4300 
  1.4384483e-04   4.4112063e-04   6.3592574e-04 
  4.1298677e-04   1.4202116e-03  -3.9315601e-04 
  5.4213883e-04  -4.0894886e-04   1.3382775e-03 
mode:  224 freq= 1417.8000 
 -1.6798680e-04   2.3617826e-05  -1.1483700e-04 
  3.4614104e-05  -7.0153967e-04   2.1198435e-04 
 -6.3133623e-05   2.2070206e-04  -4.4706400e-04 
mode:  225 freq= 1431.1000 
 -5.5650453e-05   6.1236074e-06   9.7032018e-05 
 -1.3991964e-05  -3.2717685e-04  -1.4241231e-05 
  8.5745637e-05  -5.8464417e-05   1.2122865e-04 
mode:  226 freq= 1431.2900 
  1.4116822e-04   6.2468082e-04   7.7368337e-04 
  6.1707706e-04   1.1647163e-03  -2.0849645e-04 
  6.7260398e-04  -1.7654543e-04   1.2993114e-03 
mode:  227 freq= 1436.8700 
  2.1285568e-04  -4.5002984e-05  -3.9705310e-04 
 -3.4014620e-05  -1.7432539e-04   8.8147866e-05 
 -3.7007214e-04   8.5679026e-05  -4.3733639e-04 
mode:  228 freq= 1439.0900 
 -7.6551639e-05   1.2751184e-04   2.0897518e-04 
  1.4191710e-04  -2.2403498e-05   5.8064791e-05 
  2.0453356e-04   6.9894069e-05   1.6189787e-04 
mode:  229 freq= 1439.7300 
  3.3207004e-04  -1.4183599e-04  -3.6320366e-04 
 -1.1157591e-04   4.9291928e-04  -5.1309612e-05 
 -3.1478088e-04  -3.5987598e-05  -5.5290457e-05 
mode:  230 freq= 1442.0600 
  3.9078790e-05   2.6828645e-04   8.9359330e-05 
  2.6285588e-04   9.4388608e-06  -4.2791043e-05 
  5.6010703e-05  -5.7226603e-05   1.9754293e-04 
mode:  231 freq= 1447.4700 
 -6.7837007e-05   1.0876380e-04   1.2569580e-04 
  6.0110814e-05  -2.0960028e-04   9.1393470e-06 
  1.2247471e-04  -1.1281090e-05   1.1482260e-04 
mode:  232 freq= 1447.7900 
  5.2732572e-04   1.5606249e-04  -5.4946259e-04 
  1.8396608e-04  -5.1810504e-05   1.5802714e-04 
 -4.9565178e-04   2.2056686e-04  -4.2982842e-04 
mode:  233 freq= 1448.4600 
 -5.2647246e-05   9.8998067e-05   8.2873280e-05 
  3.5087489e-05   8.2267826e-05  -9.1732407e-05 
  1.0594159e-04  -1.1846549e-04   2.3892129e-04 
mode:  234 freq= 1452.6900 
 -2.5805277e-04   3.2444678e-05   9.4831800e-05 
 -2.3695751e-06  -1.2939593e-03   2.1957548e-04 
  2.3420354e-05   1.8083522e-04  -2.5981571e-04 
mode:  235 freq= 1454.0600 
  7.0473517e-04   8.4707233e-04  -1.0823063e-04 
  8.3641436e-04   1.1872777e-04   2.1005643e-04 
 -1.6150557e-04   3.2036739e-04   1.9769035e-04 
mode:  236 freq= 1455.6700 
 -4.1831137e-04  -5.3968061e-04  -3.0227807e-04 
 -5.5282916e-04  -1.3765830e-03   1.3793154e-04 
 -2.7877217e-04   5.5268777e-05  -7.2655942e-04 
mode:  237 freq= 1456.7400 
 -5.7934815e-08  -2.0462422e-04  -1.2445482e-04 
 -1.7649172e-04  -3.4779342e-05   3.8993210e-05 
 -1.1032513e-04   3.3279819e-05  -1.9625776e-04 
mode:  238 freq= 1457.6100 
  4.9549062e-04   2.2424417e-04  -4.3429529e-04 
  2.3486194e-04   2.1927250e-04   9.6820501e-05 
 -4.1793441e-04   1.1130874e-04  -1.9433763e-04 
mode:  239 freq= 1459.1200 
  5.9857262e-05   2.1147812e-04   8.0772895e-05 
  1.8513688e-04   1.1298486e-04  -2.3202102e-05 
  7.0710499e-05   1.5922326e-05   2.2577902e-04 
mode:  240 freq= 1467.0800 
 -5.2150093e-05  -2.2402929e-04   1.4861071e-04 
 -2.0794872e-04   6.1967645e-04   1.9506570e-05 
  1.1299738e-04   3.8943379e-05  -1.5331632e-05 
mode:  241 freq= 1472.8100 
 -7.8997144e-05   2.5910816e-04   2.8895500e-04 
  1.9964236e-04   1.2930879e-04   4.7605025e-06 
  2.6106643e-04  -5.6658473e-06   2.5581411e-04 
mode:  242 freq= 1476.1000 
  2.4936851e-04   3.3995691e-05  -2.4412554e-04 
  2.9839572e-05   2.1823885e-04  -1.8965880e-04 
 -2.2127328e-04  -2.1034536e-04   2.0186167e-04 
mode:  243 freq= 1478.6200 
 -5.0139430e-05  -1.3752991e-04   8.3996106e-05 
 -1.0893963e-04   5.2298334e-04   7.4233753e-05 
  1.1738125e-04   6.2222294e-05  -8.4043670e-05 
mode:  244 freq= 1479.2600 
 -1.7923199e-04  -2.8576088e-05   2.0980763e-04 
 -6.1818180e-05  -8.2457916e-05  -4.6022363e-05 
  1.9290274e-04  -1.0595301e-04   1.1128761e-04 
mode:  245 freq= 1483.8300 
  1.3444744e-04  -3.8916892e-04  -3.6779826e-04 
 -3.7114755e-04   3.9583916e-05  -2.5360833e-04 
 -3.2468523e-04  -2.6640473e-04  -1.7089350e-05 
mode:  246 freq= 1488.1500 
  3.7807419e-04  -5.8936383e-04  -7.4154227e-04 
 -5.5874048e-04   7.1830266e-04   8.9285627e-06 
 -5.2594319e-04   3.0242183e-05  -7.5173563e-04 
mode:  247 freq= 1489.1100 
 -3.0078352e-04   2.6154581e-05   4.1067840e-04 
 -2.9008188e-05  -3.1943551e-04   1.6433570e-05 
  3.0544899e-04  -6.1739633e-05   1.5126964e-04 
mode:  248 freq= 1489.6300 
  6.3174288e-04  -1.1792326e-03  -1.4802784e-03 
 -1.1772117e-03  -3.4383842e-04  -3.3674250e-04 
 -1.2648516e-03  -3.6565655e-04  -9.7616002e-04 
mode:  249 freq= 1492.8600 
 -6.5699752e-05  -2.0016116e-04  -2.1934158e-04 
 -2.1418663e-04  -3.2063454e-04   5.8392663e-05 
 -2.4069884e-04   2.7963318e-06  -3.7227354e-04 
mode:  250 freq= 1495.2700 
 -1.1890145e-04  -3.7418430e-04   1.7703956e-05 
 -3.2997652e-04   4.1409670e-04  -5.8345571e-05 
  7.6898443e-05  -8.9016359e-05  -1.7604334e-05 
mode:  251 freq= 1496.8500 
  6.6958354e-06  -1.5926672e-04   1.2262046e-04 
 -1.1854146e-04   5.6453626e-04  -2.1849131e-04 
  1.4437378e-04  -2.1416882e-04   4.2064217e-04 
mode:  252 freq= 1500.9900 
 -5.6613667e-04  -2.3240119e-04  -2.0998541e-05 
 -2.7242090e-04  -9.3430568e-04  -1.9753304e-05 
 -7.9262971e-05  -4.5456995e-06  -4.6502313e-04 
mode:  253 freq= 1503.9000 
 -6.0512251e-04  -3.2595485e-04   4.8462732e-04 
 -2.7800583e-04   2.3826821e-04  -1.3146422e-05 
  4.9815921e-04   1.1371103e-05   1.2524801e-04 
mode:  254 freq= 1513.2500 
 -2.0045899e-04  -2.1783013e-04   4.2972668e-04 
 -1.0608925e-04   8.1894350e-04  -1.4089123e-04 
  4.8271691e-04  -8.7674342e-05   6.2308076e-04 
mode:  255 freq= 1515.9800 
  2.6078069e-04   1.7438300e-04  -1.2406566e-04 
  1.8543067e-04   1.8326516e-05   2.2383100e-04 
 -1.5814391e-04   1.2606165e-04  -1.1951080e-04 
mode:  256 freq= 1516.7200 
 -3.0802109e-04  -5.0959798e-04   1.0309728e-04 
 -4.9871529e-04   4.3721604e-04  -1.2304492e-04 
  1.6268154e-04  -1.1443152e-04  -3.3484489e-06 
mode:  257 freq= 1522.6700 
  1.0665692e-04  -2.7824390e-04  -2.0973390e-04 
 -3.1625392e-04   4.7811387e-04  -2.8158174e-04 
 -1.3735322e-04  -2.4439982e-04   1.8914019e-04 
mode:  258 freq= 1544.3600 
  4.8406796e-04   4.0939546e-04  -9.0129232e-05 
  4.6467529e-04   9.6801003e-05   2.1476240e-04 
 -2.1784375e-04   1.0319800e-04   5.0266530e-06 
mode:  259 freq= 1549.2100 
 -6.4803901e-04  -4.9452083e-04   6.0071288e-04 
 -4.5090466e-04   1.0928922e-03  -2.9992434e-04 
  5.9573986e-04  -2.5620238e-04   5.8318428e-04 
mode:  260 freq= 1591.0600 
  1.0318971e-04  -6.8671214e-04  -4.4578564e-04 
 -6.8802348e-04   7.0654913e-04  -3.3950670e-04 
 -2.1316073e-04  -2.4885145e-04   3.4624189e-05 
mode:  261 freq= 1657.0600 
 -1.3765508e-06  -7.4988239e-05  -8.9964870e-05 
 -7.6592367e-05  -2.4922184e-04   1.7355081e-04 
 -1.1500849e-04   1.4659998e-04  -3.2408917e-04 
mode:  262 freq= 1661.7300 
 -3.3104673e-06  -2.0289741e-04  -2.5227421e-06 
 -1.9337638e-04   4.8026578e-04  -8.5471788e-05 
  5.4427149e-05  -7.7493857e-05   3.8268068e-05 
mode:  263 freq= 1663.6400 
  2.9490046e-04   1.9578445e-04  -4.3296264e-05 
  1.8794784e-04   7.8258395e-04  -1.9451909e-04 
  2.4229880e-05  -1.3043744e-04   4.4570381e-04 
mode:  264 freq= 1666.6500 
 -2.9038244e-04  -1.7111866e-05   2.3202326e-04 
 -4.4915375e-05  -6.5064385e-04   1.1052102e-04 
  1.4281753e-04   6.4965940e-05  -2.3353140e-04 
mode:  265 freq= 1670.6900 
  1.4598386e-04  -2.4104807e-04  -1.3577502e-04 
 -2.0277688e-04   7.7073031e-04  -9.1933602e-05 
 -4.8428953e-05  -6.9808723e-05   5.6860876e-05 
mode:  266 freq= 1673.3900 
  4.5359894e-05   2.6289896e-04   2.5578825e-04 
  2.6661347e-04   8.8755197e-04  -1.8703483e-04 
  3.9097449e-04  -8.7252648e-05   6.3747289e-04 
mode:  267 freq= 1682.6700 
 -9.3983692e-05  -2.2880331e-04  -1.8502389e-05 
 -1.8638520e-04   1.4466787e-04   1.4547659e-04 
  1.0815134e-05   1.6686845e-04  -2.5905041e-04 
mode:  268 freq= 1685.2000 
  6.9543668e-08   2.6261772e-04   2.6177754e-04 
  2.0594645e-04   2.7585051e-04  -4.9066115e-05 
  2.2091682e-04  -5.5583148e-05   2.9546085e-04 
mode:  269 freq= 1693.7000 
  4.4349499e-04   1.9465288e-04  -2.8166930e-04 
  1.7712930e-04   4.1347251e-04  -1.9105962e-04 
 -2.8626043e-04  -1.8092769e-04   2.5693883e-04 
mode:  270 freq= 1703.2800 
  2.3255825e-04  -1.2603172e-04  -2.9711224e-04 
 -8.7665282e-05   2.4300826e-04   1.1392331e-04 
 -2.9906301e-04   1.8717225e-04  -3.8054484e-04 
mode:  271 freq= 1728.6900 
  7.2917761e-06   1.5969172e-04  -1.6267668e-06 
  1.1053843e-04  -1.9211593e-04   7.6432852e-05 
  5.4605288e-06   8.8919565e-05  -9.3369165e-05 
mode:  272 freq= 3020.1200 
  2.1361238e-04   5.1187693e-05  -2.5938753e-04 
  5.2954616e-05   6.9579891e-05  -7.8313702e-05 
 -2.4397368e-04  -6.5465941e-05  -1.7784808e-05 
mode:  273 freq= 3037.7400 
  1.7905659e-04  -1.3671452e-05  -1.7880251e-04 
  1.2863586e-05   1.2646515e-04   1.1882903e-04 
 -1.8300008e-04   1.3739289e-04  -2.8546106e-04 
mode:  274 freq= 3040.2200 
  2.9136611e-04   1.5101241e-04  -3.7499191e-04 
  1.1250857e-04  -2.1212906e-04  -3.3113227e-05 
 -3.5267047e-04  -4.1133455e-05  -1.8061154e-04 
mode:  275 freq= 3044.6600 
 -3.3673439e-05  -9.3142071e-06   1.0197583e-05 
 -2.2413163e-05  -9.3089418e-05   7.5678608e-05 
  9.1876774e-06   8.5884265e-05  -6.4838863e-05 
mode:  276 freq= 3056.6200 
  1.0612220e-03  -1.0723593e-04  -1.4856015e-03 
  3.1263249e-05  -6.1136611e-04  -3.1518206e-04 
 -1.4743483e-03  -3.1727060e-04  -6.9776598e-04 
mode:  277 freq= 3060.8400 
  6.4496489e-04   4.2348779e-04  -7.3630967e-04 
  4.3094894e-04  -7.6001490e-04  -5.2618101e-04 
 -7.6820967e-04  -5.9594791e-04   2.6483379e-04 
mode:  278 freq= 3061.3000 
 -4.3486758e-04   3.2144861e-04   7.5294937e-04 
  2.5998717e-04   8.2600826e-07  -2.5578325e-05 
  6.8831596e-04  -5.7049260e-05   6.8761107e-04 
mode:  279 freq= 3062.9500 
  1.5478234e-04   8.0529198e-06  -1.3906269e-04 
  2.5493924e-05  -1.4525105e-04   2.7585929e-04 
 -1.7084890e-04   2.4020343e-04  -4.0827363e-04 
mode:  280 freq= 3065.5300 
 -1.2295466e-04  -5.0872282e-05   1.3349383e-04 
 -1.6893660e-04   3.5914392e-04   4.8237492e-04 
  2.0050771e-04   5.4814398e-04  -4.1416404e-04 
mode:  281 freq= 3071.1500 
  3.2931634e-04   1.5627056e-04  -4.3608474e-04 
  2.1506126e-04  -4.0291520e-04  -4.7061976e-04 
 -4.5898872e-04  -4.8975049e-04   2.3314657e-04 
mode:  282 freq= 3075.6100 
 -6.0441614e-04  -1.2890851e-04   7.4881109e-04 
 -1.6279624e-04   3.7066919e-04   6.3200492e-04 
  7.4192144e-04   6.6592015e-04  -3.8865966e-04 
mode:  283 freq= 3075.7500 
  5.8827774e-04   3.6120255e-04  -5.2021563e-04 
  2.9027657e-04   6.8331739e-05  -1.9782713e-04 
 -5.0072535e-04  -2.1682668e-04   1.8189282e-04 
mode:  284 freq= 3079.6500 
 -6.9590935e-04   1.0756239e-04   1.0575703e-03 
 -2.7794817e-05   5.9367451e-04   5.4328282e-04 
  1.0502225e-03   5.6001810e-04   2.6198521e-04 
mode:  285 freq= 3113.7700 
  5.8557326e-04   2.4437144e-04  -5.0702589e-04 
  2.3055998e-04   2.7992599e-04  -9.7759235e-05 
 -4.8750445e-04  -6.0818181e-05  -8.4958498e-05 
mode:  286 freq= 3117.9500 
 -9.7850429e-05   1.7486694e-04   2.7664528e-04 
  1.4827891e-04   2.5098903e-04   3.5681488e-05 
  2.7601216e-04   5.0335386e-05   1.6183472e-04 
mode:  287 freq= 3122.1100 
  5.7590964e-04   2.8962262e-04  -4.3595720e-04 
  2.7050964e-04   2.3050496e-04  -1.6703351e-04 
 -4.2654093e-04  -1.5270124e-04   1.7611881e-04 
mode:  288 freq= 3126.2100 
  4.3826673e-04   2.7355042e-04  -3.1187877e-04 
  2.5175985e-04   3.3837834e-05  -4.1620024e-05 
 -3.3233289e-04  -2.2800528e-05   5.3960506e-05 
mode:  289 freq= 3128.9800 
 -4.4149009e-04  -2.0701820e-06   5.5494598e-04 
 -8.3416364e-06  -3.4340858e-04   3.2577386e-04 
  5.1689402e-04   3.1274894e-04   9.9965138e-06 
mode:  290 freq= 3151.8400 
  6.9477134e-04   5.4406490e-04  -3.9031525e-04 
  4.8746289e-04   4.4497329e-04  -3.8824817e-04 
 -4.1487856e-04  -3.7554368e-04   6.0296889e-04 
mode:  291 freq= 3154.2100 
  3.2895182e-04   9.7882770e-06  -5.0206893e-04 
 -1.2421091e-05  -3.2643012e-04   1.2787865e-04 
 -4.6847730e-04   1.6031861e-04  -4.4161148e-04 
mode:  292 freq= 3155.8700 
 -2.9196539e-04  -3.2584260e-04   9.5298060e-06 
 -3.1123097e-04  -4.6361791e-04   2.0151755e-04 
  3.8248777e-05   2.2157088e-04  -5.4050868e-04 
mode:  293 freq= 3156.1100 
  9.4380365e-04   1.0180649e-03  -1.1198626e-04 
  9.5383318e-04   1.4094165e-03  -4.8903279e-04 
 -1.4835187e-04  -4.7888586e-04   1.2165095e-03 
mode:  294 freq= 3158.6400 
  5.9958673e-04   5.6311350e-04  -3.5916505e-04 
  5.0270304e-04  -3.2556120e-05  -1.2286670e-04 
 -4.0025108e-04  -1.0370564e-04   3.0401218e-04 
mode:  295 freq= 3159.8600 
  1.7891543e-05   5.2273534e-04   4.5590932e-04 
  4.4807894e-04   2.3206941e-04   9.5869871e-05 
  3.7114675e-04   1.0192283e-04   5.5956042e-04 
mode:  296 freq= 3163.2800 
  6.3699366e-04   2.8360802e-04  -4.1950515e-04 
  2.6769236e-04   4.6447895e-04  -1.1660013e-04 
 -4.2003620e-04  -9.3991067e-05   1.6162800e-04 
mode:  297 freq= 3164.9600 
 -1.6794683e-05   2.5306829e-04   2.0403666e-04 
  2.3262395e-04   4.1939918e-04  -9.8555640e-05 
  2.5969775e-04  -1.0844777e-04   3.7555171e-04 
mode:  298 freq= 3167.9200 
  2.5346499e-04   3.0111771e-05  -2.9585827e-04 
  5.1283172e-05  -4.1092045e-05   7.3949539e-05 
 -2.9335116e-04   8.2209699e-05  -2.7239480e-04 
mode:  299 freq= 3170.3600 
  3.6335868e-05  -5.2489013e-04  -3.2284011e-04 
 -4.6903780e-04   8.3860866e-07  -6.9916837e-05 
 -3.1878244e-04  -9.4303096e-05  -2.5641492e-04 
mode:  300 freq= 3172.5000 
 -3.0637733e-05   4.4495253e-04   1.7609560e-04 
  3.5694897e-04  -6.3103725e-05  -2.8125787e-05 
  2.5303275e-04  -4.4655490e-05   2.7985157e-04 
mode:  301 freq= 3172.9700 
  5.6355262e-04  -1.0756000e-03  -9.6027594e-04 
 -9.2926127e-04   1.0855789e-03  -3.2601659e-05 
 -9.2947978e-04   2.3267472e-05  -8.6905056e-04 
mode:  302 freq= 3180.1800 
  2.1691301e-04  -1.0767275e-03  -7.2753862e-04 
 -9.7976607e-04   4.4196297e-04  -1.0055744e-04 
 -6.9604743e-04  -1.0076009e-04  -6.4703203e-04 
mode:  303 freq= 3186.3600 
 -1.1359031e-04   5.8631479e-04   3.7553474e-04 
  5.1118530e-04   6.2246898e-06  -1.5110400e-04 
  4.5130903e-04  -1.9545772e-04   6.5191712e-04 
mode:  304 freq= 3190.0200 
 -4.9494368e-05   8.3149230e-04   1.8314208e-04 
  7.3765038e-04  -1.1778108e-03   1.6375076e-04 
  1.9702419e-04   1.3012246e-04   1.3743288e-04 
mode:  305 freq= 3191.2100 
  3.2712958e-04  -1.1826949e-03  -7.6069109e-04 
 -1.0483460e-03   1.0094469e-03  -3.0255554e-04 
 -7.3698776e-04  -3.1695629e-04  -4.0383764e-04 
mode:  306 freq= 3191.4500 
 -1.9516902e-04   2.7542621e-04   3.4622135e-04 
  2.7728399e-04   1.3009879e-04  -9.3114631e-05 
  4.1118094e-04  -1.3027279e-04   4.6167183e-04 
mode:  307 freq= 3198.8800 
  1.5509796e-04   1.9966073e-05  -1.8190545e-04 
  9.6021223e-07  -8.4893851e-05   1.0771951e-04 
 -2.0775761e-04   1.8900071e-04  -3.2854584e-04 
mode:  308 freq= 3205.0800 
  2.1866562e-04  -5.5227838e-04  -4.6284825e-04 
 -5.2904230e-04   3.1978143e-04  -6.9884353e-05 
 -4.7492115e-04  -4.6744275e-05  -3.6838936e-04 
mode:  309 freq= 3216.3900 
 -2.3709285e-06   9.7008288e-05   1.1401420e-04 
  1.1094738e-04   1.1893862e-04   1.0899292e-06 
  1.2399598e-04   5.3141685e-06   1.4259533e-04 
mode:  310 freq= 3216.4400 
  2.3128800e-04  -8.6337211e-05  -2.9611023e-04 
 -7.0073282e-05   3.2625919e-04  -7.4060313e-05 
 -2.5867892e-04  -6.3876693e-05  -8.8383744e-05 
mode:  311 freq= 3217.8900 
  1.5030865e-04   1.0303648e-04  -1.3278209e-04 
  9.7755771e-05  -1.1965443e-04   7.9174213e-06 
 -1.4544941e-04  -9.1890982e-06  -4.6645982e-05 
mode:  312 freq= 3219.4800 
  4.0973932e-05  -2.8594490e-04  -1.5687262e-04 
 -2.6215683e-04  -1.7016823e-05  -1.3453136e-04 
 -1.4817739e-04  -1.6932739e-04  -8.9026943e-06 
mode:  313 freq= 3222.3300 
  2.0555478e-04   4.4901793e-05  -3.2144756e-06 
  1.8435585e-05   8.2594580e-04  -1.9424181e-04 
 -1.9096536e-05  -2.2971774e-04   3.8033770e-04 
mode:  314 freq= 3225.7400 
  1.9440169e-04   1.4883550e-04  -1.9293332e-04 
  1.0108631e-04  -5.3224239e-05  -3.6632081e-06 
 -1.4240970e-04  -5.9060029e-05   3.5360493e-05 
mode:  315 freq= 3228.8600 
 -1.5051615e-04   3.4307434e-04   3.2539450e-04 
  3.1400593e-04  -4.8094577e-04   1.4783762e-04 
  2.6208359e-04   1.6991178e-04   1.5459792e-04 
mode:  316 freq= 3230.2200 
  2.1874853e-04   2.8639757e-04   1.2903781e-04 
  3.3157921e-04   6.3477221e-04  -1.0364938e-04 
  8.5807039e-05  -1.4289248e-04   3.8716685e-04 
mode:  317 freq= 3231.8800 
  4.3281664e-05   6.8449991e-06  -1.6321940e-04 
 -3.8614329e-05  -1.6470276e-04   3.3978572e-05 
 -1.2173743e-04   9.8753312e-06  -1.4547829e-04 
mode:  318 freq= 3232.1100 
 -2.1106748e-04   1.8573175e-04   3.5466780e-04 
  1.6618680e-04  -2.5638316e-04  -1.5297071e-04 
  3.0554237e-04  -1.8346289e-04   4.7133490e-04 
mode:  319 freq= 3235.1100 
  2.6937068e-04   2.6353403e-04   2.8642239e-04 
  2.2119923e-04   1.3054523e-03  -5.2326532e-04 
  2.3986321e-04  -5.8523063e-04   1.2271508e-03 
mode:  320 freq= 3239.6200 
  6.6629900e-05  -9.8561990e-05  -3.3048238e-04 
 -1.0210656e-04  -4.6344399e-04   1.9638059e-04 
 -2.7978369e-04   2.2333470e-04  -6.1921361e-04 
mode:  321 freq= 3240.8500 
 -4.3764447e-05   2.4402559e-04   1.8180210e-04 
  1.3490167e-04  -1.9621616e-04  -1.1787378e-04 
  1.6265117e-04  -2.3073552e-04   4.3263628e-04 
mode:  322 freq= 3244.9900 
  2.1432506e-04   1.6680011e-04   2.2812593e-04 
  1.2369460e-04   1.5180634e-03  -7.4531779e-04 
  2.1041776e-04  -8.3536188e-04   1.4174062e-03 
mode:  323 freq= 3245.9600 
 -1.4358699e-04   2.0241432e-04  -6.9862929e-05 
  1.2104544e-04  -6.1912504e-04   1.6220173e-04 
 -4.9844620e-06   1.7831070e-04  -3.7363705e-04 
